1
2
3
5
6
7
9
11
12
14
15
16
17
18
20
21
24
25
26
27
28
29
32
33
35
36
37
39
43
44
45
46
47
48
50
52
54
55
56
58
59
60
61
62
64
65
66
67
70
71
73
75
76
79
80
82
83
86
87
89
92
95
96
101
102
103
104
105
106
107
108
110
112
114
115
116
117
119
120
125
129
130
134
135
138
140
141
142
143
146
147
148
150
154
156
157
158
159
160
161
163
165
168
171
174
176
177
178
179
181
182
183
185
187
188
189
190
192
194
195
198
199
202
203
204
205
208
209
210
211
212
214
216
217
221
222
225
226
227
228
229
231
233
236
237
238
239
240
241
243
244
246
247
248
253
255
259
260
262
263
264
265
266
268
269
271
273
274
275
276
278
279
281
282
283
284
285
288
289
290
293
294
296
298
301
304
305
308
309
310
311
314
315
317
318
319
320
323
324
325
327
328
333
335
336
337
338
339
341
343
344
345
346
348
349
350
351
352
354
355
356
357
359
360
362
363
364
365
366
368
369
370
372
373
376
377
378
380
382
385
386
389
393
395
396
397
398
399
400
402
403
404
405
406
409
410
411
412
413
414
416
421
422
425
426
427
428
430
432
433
434
440
441
444
446
447
450
451
452
454
455
456
458
460
461
462
463
465
466
472
474
476
478
479
481
482
483
486
489
490
496
497
500
501
502
506
508
509
510
511
514
515
516
519
520
523
527
528
529
531
532
533
534
535
536
537
539
540
541
543
544
545
546
548
550
552
553
555
556
557
558
559
560
562
563
564
565
568
571
574
575
578
579
580
581
583
584
585
586
587
588
589
590
591
592
593
595
596
600
601
604
606
607
608
611
612
613
616
618
621
622
629
630
631
632
634
640
643
644
645
647
649
650
651
652
654
656
657
658
661
663
664
665
666
667
668
672
675
676
677
678
681
682
685
687
689
690
695
696
697
698
699
701
702
707
710
711
712
713
716
717
718
724
725
727
728
729
732
737
738
740
741
742
744
745
746
749
750
752
754
756
757
758
760
763
765
766
767
768
770
771
773
776
779
780
782
783
784
785
786
788
791
792
795
796
797
803
805
806
807
808
809
810
811
812
814
816
817
818
819
820
821
823
825
827
830
832
833
835
837
838
842
843
845
847
848
849
850
851
852
853
854
855
856
858
861
862
865
868
869
873
874
875
877
878
879
882
883
886
887
889
890
891
892
893
894
898
900
901
902
903
904
908
910
911
913
914
916
917
918
919
920
921
922
924
925
926
928
929
930
931
933
934
937
938
939
940
943
944
948
950
954
955
956
957
959
960
964
965
966
969
970
972
973
975
976
977
979
980
981
984
988
989
992
993
995
996
998
999
1001
1002
1003
1005
1006
1007
1009
1010
1012
1013
1015
1016
1017
1020
1021
1023
1025
1028
1030
1035
1038
1039
1042
1043
1046
1047
1048
1049
1050
1052
1055
1058
1061
1063
1064
1068
1070
1071
1073
1077
1079
1081
1082
1089
1091
1093
1095
1097
1098
1101
1102
1103
1104
1105
1106
1107
1108
1109
1112
1115
1116
1117
1119
1120
1121
1122
1123
1124
1128
1131
1132
1135
1136
1137
1138
1139
1140
1141
1142
1143
1144
1145
1149
1151
1152
1153
1154
1160
1162
1163
1164
1165
1166
1170
1171
1172
1174
1175
1176
1178
1179
1180
1181
1182
1183
1184
1186
1188
1189
1190
1193
1194
1197
1198
1199
1201
1205
1206
1208
1209
1211
1215
1218
1219
1223
1224
1226
1230
1231
1232
1233
1234
1235
1237
1238
1240
1242
1243
1248
1251
1253
1254
1255
1256
1257
1258
1259
1260
1261
1262
1265
1266
1268
1270
1271
1272
1273
1274
1275
1279
1282
1283
1286
1288
1289
1291
1294
1295
1297
1298
1300
1302
1304
1306
1308
1309
1311
1312
1313
1315
1316
1317
1319
1320
1321
1323
1324
1325
1329
1330
1331
1332
1333
1334
1335
1337
1339
1340
1345
1346
1347
1351
1352
1354
1355
1357
1358
1360
1363
1368
1369
1371
1374
1375
1377
1379
1381
1382
1383
1384
1385
1388
1389
1390
1391
1392
1393
1396
1397
1399
1400
1406
1409
1410
1411
1415
1416
1417
1418
1419
1420
1421
1424
1426
1428
1429
1430
1431
1432
1433
1434
1435
1436
1439
1440
1442
1443
1444
1445
1448
1450
1451
1453
1454
1456
1458
1460
1461
1462
1463
1465
1467
1470
1471
1472
1474
1477
1478
1480
1481
1484
1485
1486
1487
1490
1491
1492
1499
1500
1501
1505
1507
1508
1510
1511
1512
1514
1516
1517
1518
1520
1523
1524
1526
1528
1529
1530
1531
1532
1549
1550
1553
1554
1557
1558
1560
1562
1563
1564
1565
1567
1569
1572
1574
1575
1576
1578
1581
1584
1586
1587
1590
1592
1593
1596
1597
1598
1601
1602
1604
1605
1606
1607
1608
1609
1611
1612
1613
1614
1617
1621
1622
1623
1624
1626
1627
1629
1631
1632
1633
1634
1635
1638
1640
1641
1643
1644
1645
1647
1648
1653
1654
1656
1657
1659
1660
1661
1662
1664
1665
1667
1668
1670
1671
1673
1675
1677
1679
1680
1681
1682
1683
1684
1685
1686
1688
1689
1690
1691
1692
1693
1694
1696
1698
1700
1701
1703
1705
1706
1707
1709
1713
1714
1716
1717
1719
1721
1723
1724
1726
1729
1730
1732
1733
1734
1735
1738
1739
1741
1742
1743
1744
1745
1746
1748
1749
1752
1755
1756
1757
1758
1760
1761
1762
1763
1764
1765
1766
1767
1768
1770
1771
1775
1776
1777
1778
1780
1782
1783
1784
1785
1786
1787
1788
1789
1791
1793
1795
1796
1799
1801
1802
1803
1804
1805
1806
1807
1808
1810
1813
1814
1815
1818
1819
1820
1822
1823
1826
1830
1831
1832
1835
1837
1838
1843
1844
1846
1848
1850
1852
1853
1855
1858
1860
1861
1862
1863
1864
1868
1873
1875
1876
1879
1881
1884
1885
1886
1889
1890
1891
1893
1895
1896
1898
1899
1900
1901
1902
1903
1907
1908
1909
1910
1914
1916
1917
1918
1921
1923
1926
1928
1929
1930
1931
1934
1936
1938
1939
1940
1942
1943
1944
1945
1946
1947
1948
1950
1951
1952
1953
1954
1955
1956
1957
1958
1959
1960
1963
1964
1966
1967
1968
1972
1974
1975
1976
1977
1978
1979
1981
1984
1987
1989
1990
1995
1996
1997
1999
2004
2005
2006
2007
2008
2009
2011
2012
2013
2015
2017
2018
2020
2022
2025
2026
2027
2028
2029
2032
2033
2034
2036
2037
2038
2039
2042
2043
2044
2047
2048
2049
2050
2051
2053
2056
2058
2061
2062
2063
2064
2065
2066
2067
2072
2073
2078
2080
2081
2082
2083
2084
2086
2090
2091
2092
2093
2094
2095
2098
2103
2105
2108
2109
2111
2113
2116
2117
2118
2119
2122
2124
2126
2128
2129
2130
2133
2134
2135
2136
2138
2139
2140
2141
2142
2144
2146
2148
2150
2152
2153
2154
2156
2157
2158
2162
2164
2165
2175
2176
2177
2178
2180
2181
2182
2184
2185
2189
2190
2191
2194
2195
2196
2198
2199
2201
2202
2204
2205
2206
2208
2209
2210
2212
2213
2215
2216
2219
2223
2225
2226
2227
2228
2230
2231
2233
2235
2236
2237
2238
2239
2240
2241
2242
2243
2245
2246
2247
2249
2250
2252
2253
2258
2259
2260
2261
2262
2263
2265
2272
2273
2274
2275
2277
2278
2280
2281
2282
2283
2284
2285
2286
2287
2288
2290
2292
2295
2297
2298
2299
2300
2301
2302
2304
2307
2308
2309
2310
2311
2312
2313
2315
2318
2320
2322
2323
2325
2326
2327
2328
2329
2330
2331
2333
2335
2338
2339
2340
2341
2342
2343
2344
2346
2348
2349
2350
2351
2352
2358
2359
2360
2361
2362
2365
2366
2368
2370
2374
2376
2378
2380
2382
2383
2384
2385
2387
2392
2393
2399
2400
2402
2403
2404
2405
2406
2407
2411
2412
2413
2414
2415
2416
2417
2418
2421
2422
2425
2429
2432
2435
2436
2437
2438
2439
2440
2441
2444
2445
2446
2447
2448
2450
2452
2453
2454
2455
2457
2458
2462
2463
2464
2465
2466
2468
2469
2471
2472
2473
2474
2475
2476
2478
2479
2483
2484
2486
2487
2488
2490
2493
2495
2497
2498
2501
2502
2503
2505
2506
2508
2510
2512
2514
2518
2519
2520
2521
2522
2523
2527
2529
2532
2533
2535
2537
2538
2539
2543
2546
2547
2548
2549
2550
2557
2559
2560
2561
2562
2564
2565
2566
2567
2568
2569
2570
2572
2573
2575
2576
2577
2578
2580
2581
2582
2583
2584
2585
2586
2587
2588
2589
2590
2593
2594
2595
2597
2600
2601
2603
2604
2606
2608
2609
2613
2614
2615
2616
2619
2620
2621
2625
2629
2633
2634
2635
2637
2638
2640
2641
2644
2646
2649
2654
2655
2656
2663
2666
2667
2668
2669
2673
2675
2676
2678
2680
2682
2686
2687
2689
2690
2691
2693
2694
2695
2696
2697
2699
2700
2701
2702
2703
2704
2705
2706
2707
2708
2709
2710
2711
2713
2715
2716
2717
2718
2719
2720
2722
2724
2725
2726
2727
2728
2731
2732
2735
2736
2737
2739
2740
2743
2744
2745
2747
2748
2749
2751
2752
2753
2755
2757
2758
2759
2760
2763
2765
2766
2767
2768
2770
2771
2772
2774
2775
2777
2780
2782
2784
2786
2787
2788
2789
2790
2792
2794
2795
2797
2798
2799
2800
2801
2804
2805
2811
2812
2813
2814
2815
2816
2817
2820
2821
2822
2823
2826
2828
2830
2831
2832
2833
2834
2836
2837
2838
2846
2847
2849
2851
2854
2855
2859
2862
2863
2866
2867
2869
2870
2871
2874
2875
2876
2879
2884
2886
2887
2888
2892
2899
2901
2903
2904
2906
2907
2909
2911
2913
2918
2919
2920
2922
2923
2927
2928
2929
2930
2931
2935
2938
2940
2942
2943
2944
2945
2946
2947
2948
2950
2952
2953
2954
2955
2957
2959
2960
2961
2962
2963
2964
2968
2969
2970
2972
2973
2974
2976
2977
2979
2980
2981
2982
2983
2985
2987
2989
2993
2994
2996
2997
2999
3001
3002
3003
3004
3005
3006
3007
3008
3011
3012
3013
3015
3016
3020
3021
3022
3023
3024
3025
3026
3029
3031
3033
3034
3036
3037
3038
3039
3041
3042
3043
3045
3047
3049
3051
3053
3056
3058
3059
3062
3063
3066
3067
3068
3071
3073
3078
3079
3080
3081
3083
3084
3085
3086
3087
3088
3090
3092
3093
3095
3096
3097
3099
3102
3103
3104
3105
3108
3109
3110
3111
3112
3113
3114
3115
3116
3117
3121
3122
3124
3125
3126
3127
3128
3131
3132
3133
3134
3135
3138
3139
3142
3145
3146
3149
3151
3160
3161
3162
3165
3167
3170
3173
3174
3175
3176
3177
3178
3182
3184
3185
3189
3191
3192
3194
3195
3198
3201
3202
3207
3209
3210
3211
3214
3215
3218
3222
3223
3225
3226
3229
3232
3234
3237
3240
3241
3243
3244
3245
3246
3248
3249
3251
3252
3254
3255
3256
3257
3258
3260
3264
3265
3267
3268
3271
3273
3274
3275
3276
3277
3278
3279
3280
3283
3284
3285
3287
3290
3291
3292
3294
3296
3297
3298
3300
3301
3302
3307
3311
3312
3313
3314
3315
3317
3320
3324
3325
3326
3328
3329
3330
3331
3332
3333
3337
3339
3341
3342
3345
3346
3349
3355
3356
3357
3358
3359
3363
3366
3368
3370
3371
3373
3374
3375
3376
3378
3379
3383
3385
3387
3390
3394
3395
3396
3397
3398
3399
3400
3402
3404
3405
3406
3409
3411
3412
3413
3414
3415
3416
3419
3421
3422
3423
3424
3427
3428
3429
3430
3432
3433
3434
3435
3436
3437
3438
3439
3440
3441
3442
3443
3444
3445
3446
3447
3448
3449
3452
3453
3454
3457
3464
3468
3470
3471
3474
3476
3478
3479
3481
3482
3487
3491
3492
3493
3494
3496
3497
3499
3500
3501
3505
3506
3507
3508
3510
3513
3514
3516
3520
3522
3523
3525
3528
3529
3530
3531
3532
3533
3534
3535
3537
3538
3539
3540
3542
3543
3544
3545
3546
3551
3552
3556
3558
3559
3562
3563
3564
3568
3569
3571
3572
3574
3575
3576
3577
3579
3580
3582
3583
3584
3585
3586
3593
3594
3595
3597
3598
3599
3600
3601
3602
3604
3606
3610
3611
3615
3616
3617
3618
3619
3620
3625
3626
3629
3630
3631
3632
3633
3634
3635
3638
3639
3640
3641
3642
3643
3645
3647
3648
3649
3651
3652
3653
3654
3656
3657
3659
3662
3663
3665
3666
3669
3670
3672
3676
3678
3679
3681
3684
3686
3688
3689
3691
3692
3693
3697
3701
3703
3704
3705
3706
3707
3708
3711
3712
3720
3721
3723
3724
3725
3726
3727
3728
3729
3730
3735
3737
3743
3744
3745
3747
3750
3752
3753
3755
3757
3758
3761
3762
3763
3766
3769
3770
3771
3772
3775
3776
3779
3780
3781
3782
3783
3784
3785
3786
3787
3789
3791
3793
3794
3795
3796
3798
3800
3801
3802
3806
3809
3810
3812
3813
3814
3815
3816
3817
3818
3819
3820
3823
3826
3827
3830
3833
3834
3835
3836
3837
3838
3839
3840
3841
3843
3844
3846
3848
3850
3851
3853
3854
3856
3859
3862
3863
3864
3865
3867
3873
3874
3882
3884
3885
3886
3888
3890
3891
3892
3893
3895
3897
3899
3901
3902
3905
3906
3907
3909
3914
3915
3916
3918
3921
3922
3923
3924
3926
3930
3932
3934
3935
3936
3937
3938
3941
3942
3943
3944
3945
3947
3948
3949
3950
3953
3954
3955
3956
3957
3958
3959
3960
3964
3966
3968
3970
3972
3973
3977
3978
3980
3981
3982
3985
3986
3987
3989
3990
3999
4001
4003
4004
4006
4008
4009
4010
4011
4012
4013
4014
4016
4018
4019
4020
4022
4028
4029
4031
4033
4034
4036
4041
4042
4043
4044
4045
4047
4048
4049
4050
4052
4053
4054
4055
4056
4060
4061
4062
4063
4064
4066
4071
4072
4073
4075
4077
4078
4080
4081
4082
4085
4087
4088
4089
4091
4093
4094
4097
4100
4101
4103
4106
4109
4112
4114
4115
4116
4117
4118
4119
4120
4123
4125
4129
4133
4134
4137
4138
4140
4141
4143
4147
4148
4149
4150
4151
4154
4155
4157
4158
4162
4163
4165
4169
4170
4173
4174
4175
4177
4180
4184
4186
4187
4192
4194
4197
4198
4202
4203
4204
4205
4206
4207
4210
4211
4212
4214
4216
4217
4219
4220
4221
4224
4225
4226
4227
4228
4231
4232
4233
4235
4237
4239
4240
4243
4244
4245
4250
4251
4252
4253
4255
4257
4261
4263
4264
4268
4271
4272
4273
4275
4280
4281
4283
4284
4286
4288
4290
4296
4298
4300
4301
4302
4303
4306
4309
4310
4311
4312
4315
4317
4323
4324
4325
4326
4327
4328
4330
4331
4332
4333
4335
4339
4340
4341
4343
4344
4346
4347
4348
4350
4351
4353
4354
4356
4358
4359
4361
4362
4363
4364
4365
4370
4371
4373
4376
4378
4379
4383
4384
4387
4388
4389
4390
4391
4392
4394
4395
4397
4398
4399
4401
4402
4403
4406
4407
4409
4410
4411
4412
4413
4414
4417
4420
4421
4423
4424
4425
4426
4428
4430
4432
4433
4434
4436
4438
4439
4440
4441
4442
4444
4446
4447
4448
4451
4453
4458
4459
4460
4462
4463
4464
4465
4467
4468
4469
4470
4472
4474
4475
4476
4478
4479
4481
4483
4484
4486
4488
4489
4493
4498
4500
4502
4506
4508
4510
4511
4513
4514
4515
4516
4517
4518
4519
4521
4527
4528
4532
4533
4534
4535
4537
4538
4539
4540
4543
4544
4545
4546
4547
4548
4549
4550
4552
4553
4555
4556
4558
4560
4561
4563
4564
4565
4567
4568
4570
4574
4577
4578
4579
4580
4581
4582
4583
4584
4585
4588
4589
4590
4591
4593
4594
4595
4596
4597
4598
4599
4601
4602
4608
4609
4610
4611
4612
4618
4621
4623
4625
4628
4632
4633
4634
4635
4636
4640
4641
4644
4645
4649
4652
4653
4655
4656
4660
4661
4662
4663
4666
4672
4673
4674
4675
4677
4679
4684
4685
4687
4688
4690
4692
4694
4695
4697
4698
4701
4702
4706
4707
4708
4712
4714
4715
4719
4720
4722
4723
4726
4728
4729
4730
4735
4738
4741
4742
4744
4745
4746
4747
4748
4750
4753
4754
4755
4760
4761
4762
4763
4765
4767
4768
4769
4771
4772
4776
4777
4778
4779
4780
4785
4786
4787
4788
4789
4791
4795
4802
4803
4804
4805
4806
4808
4809
4810
4811
4812
4813
4815
4817
4818
4820
4823
4824
4827
4828
4829
4832
4835
4836
4837
4838
4840
4843
4844
4845
4846
4848
4849
4850
4852
4853
4854
4855
4856
4858
4859
4860
4863
4866
4867
4872
4873
4874
4877
4879
4880
4882
4884
4885
4888
4890
4891
4892
4893
4897
4899
4900
4901
4902
4904
4906
4907
4908
4909
4910
4912
4913
4914
4916
4917
4918
4919
4921
4922
4923
4925
4926
4927
4928
4931
4932
4934
4937
4938
4939
4940
4942
4943
4945
4946
4947
4948
4952
4953
4955
4957
4959
4960
4962
4964
4965
4967
4970
4972
4974
4975
4978
4979
4981
4982
4983
4984
4985
4987
4988
4990
4991
4993
4995
4996
4999
5004
5006
5008
5010
5013
5016
5018
5019
5020
5021
5022
5023
5026
5027
5029
5032
5033
5035
5036
5037
5038
5039
5041
5044
5045
5047
5048
5049
5050
5052
5054
5055
5056
5057
5059
5061
5063
5065
5067
5069
5070
5071
5074
5075
5077
5079
5081
5084
5086
5087
5088
5091
5094
5097
5100
5101
5103
5105
5107
5108
5112
5114
5115
5119
5121
5122
5124
5125
5127
5128
5129
5130
5131
5132
5133
5136
5138
5141
5142
5143
5144
5145
5146
5148
5149
5150
5151
5152
5155
5156
5157
5159
5163
5164
5170
5171
5172
5174
5179
5182
5186
5187
5192
5193
5194
5197
5198
5201
5202
5204
5207
5208
5210
5213
5214
5215
5219
5220
5224
5225
5226
5227
5228
5229
5232
5233
5234
5235
5236
5237
5238
5240
5241
5243
5244
5245
5247
5251
5256
5257
5264
5265
5266
5267
5268
5269
5270
5271
5272
5275
5277
5278
5279
5280
5282
5284
5285
5290
5292
5295
5297
5298
5299
5306
5311
5312
5313
5314
5316
5318
5319
5320
5322
5323
5325
5326
5327
5328
5330
5334
5335
5337
5339
5341
5342
5344
5345
5347
5348
5349
5351
5353
5359
5360
5361
5364
5366
5367
5368
5373
5378
5380
5382
5383
5384
5385
5386
5391
5392
5393
5395
5396
5397
5398
5400
5402
5404
5405
5406
5407
5409
5410
5411
5412
5417
5418
5419
5420
5422
5423
5425
5426
5427
5428
5432
5433
5436
5437
5438
5439
5441
5442
5445
5446
5447
5449
5450
5452
5454
5455
5459
5460
5462
5465
5466
5468
5471
5472
5473
5477
5478
5479
5482
5483
5486
5487
5489
5491
5493
5496
5498
5508
5511
5513
5515
5517
5519
5520
5522
5525
5526
5528
5529
5530
5534
5536
5539
5541
5542
5543
5544
5546
5547
5548
5549
5551
5553
5555
5556
5557
5559
5563
5564
5566
5567
5569
5570
5571
5573
5574
5577
5580
5584
5586
5587
5588
5590
5592
5594
5596
5597
5600
5601
5602
5605
5607
5609
5611
5612
5613
5615
5616
5617
5621
5622
5627
5628
5629
5630
5632
5636
5637
5639
5640
5642
5643
5644
5645
5648
5649
5650
5652
5654
5655
5656
5657
5658
5660
5661
5662
5663
5664
5665
5667
5669
5670
5672
5673
5674
5675
5676
5678
5681
5684
5685
5686
5687
5689
5692
5693
5695
5697
5699
5701
5703
5707
5709
5711
5712
5714
5716
5717
5718
5719
5720
5721
5723
5726
5727
5729
5731
5732
5733
5734
5735
5737
5738
5740
5741
5742
5743
5744
5747
5748
5749
5750
5753
5754
5755
5756
5757
5758
5759
5760
5761
5763
5764
5765
5766
5769
5775
5776
5777
5779
5780
5781
5783
5785
5786
5795
5797
5799
5801
5803
5809
5810
5811
5812
5813
5817
5819
5820
5821
5824
5827
5830
5832
5833
5835
5838
5839
5840
5842
5843
5845
5846
5849
5850
5852
5853
5856
5859
5861
5862
5865
5866
5868
5869
5870
5872
5873
5875
5876
5877
5878
5879
5880
5881
5882
5883
5884
5888
5889
5893
5894
5899
5901
5905
5906
5907
5908
5909
5912
5915
5916
5917
5918
5921
5922
5923
5925
5927
5929
5930
5931
5932
5935
5936
5939
5941
5942
5944
5945
5946
5947
5950
5951
5953
5954
5957
5959
5960
5961
5962
5964
5965
5969
5970
5974
5977
5983
5984
5987
5988
5989
5990
5992
5997
5998
5999
6000
6002
6004
6006
6007
6010
6011
6012
6013
6014
6016
6018
6019
6020
6024
6025
6026
6029
6030
6031
6032
6036
6039
6040
6043
6046
6047
6048
6050
6051
6052
6053
6054
6060
6061
6063
6064
6067
6068
6071
6072
6074
6075
6077
6078
6079
6080
6081
6083
6085
6087
6088
6090
6091
6092
6093
6094
6095
6098
6099
6101
6103
6105
6107
6109
6110
6111
6112
6114
6115
6118
6119
6120
6122
6123
6125
6126
6127
6128
6131
6132
6133
6134
6138
6139
6140
6142
6144
6146
6147
6149
6151
6152
6153
6154
6156
6159
6160
6162
6164
6165
6166
6167
6170
6172
6173
6174
6175
6176
6177
6178
6179
6181
6184
6186
6188
6189
6193
6197
6199
6201
6205
6206
6207
6210
6212
6221
6224
6225
6226
6228
6230
6232
6233
6234
6235
6236
6238
6242
6243
6244
6245
6247
6248
6249
6251
6252
6253
6255
6256
6257
6258
6259
6262
6263
6264
6265
6266
6269
6271
6272
6274
6277
6278
6279
6280
6282
6284
6285
6286
6287
6290
6292
6293
6294
6295
6297
6298
6301
6304
6307
6308
6311
6312
6315
6316
6317
6318
6320
6321
6323
6324
6328
6329
6330
6331
6334
6337
6339
6340
6343
6348
6349
6350
6351
6353
6355
6356
6358
6360
6361
6362
6363
6364
6365
6367
6368
6369
6371
6373
6375
6376
6378
6379
6380
6381
6382
6383
6386
6388
6389
6392
6395
6397
6403
6404
6405
6406
6408
6409
6410
6411
6413
6414
6415
6416
6418
6419
6422
6424
6425
6426
6431
6432
6436
6442
6444
6449
6450
6451
6452
6453
6455
6457
6460
6462
6472
6473
6474
6478
6479
6484
6487
6488
6489
6490
6493
6495
6496
6497
6498
6500
6501
6502
6503
6505
6509
6513
6515
6516
6517
6520
6522
6524
6526
6530
6535
6537
6539
6540
6541
6542
6543
6544
6545
6548
6549
6552
6554
6556
6557
6558
6559
6560
6561
6562
6563
6564
6565
6566
6567
6568
6569
6570
6572
6573
6576
6577
6578
6581
6582
6583
6584
6585
6586
6587
6592
6593
6595
6596
6599
6600
6601
6603
6604
6606
6608
6609
6610
6612
6613
6615
6617
6618
6620
6621
6622
6623
6629
6631
6632
6633
6637
6638
6639
6640
6642
6643
6645
6651
6655
6657
6658
6662
6663
6664
6667
6669
6670
6671
6672
6673
6674
6678
6680
6682
6683
6684
6686
6689
6690
6692
6693
6694
6695
6696
6697
6698
6699
6700
6701
6703
6705
6707
6708
6709
6710
6714
6715
6718
6720
6721
6722
6723
6724
6726
6727
6728
6729
6730
6731
6732
6733
6734
6735
6736
6738
6739
6741
6743
6748
6750
6751
6752
6753
6757
6760
6761
6763
6766
6771
6772
6773
6775
6776
6779
6780
6782
6786
6787
6789
6790
6791
6793
6795
6796
6798
6800
6801
6802
6803
6804
6805
6807
6808
6809
6812
6813
6814
6815
6824
6825
6826
6827
6828
6829
6835
6837
6839
6844
6846
6847
6848
6851
6854
6856
6858
6860
6862
6863
6866
6868
6869
6871
6872
6875
6877
6880
6883
6885
6886
6887
6891
6892
6900
6901
6903
6904
6905
6906
6907
6908
6911
6913
6914
6915
6916
6918
6919
6920
6921
6922
6924
6926
6929
6932
6933
6935
6940
6943
6944
6945
6947
6948
6950
6951
6959
6960
6963
6965
6966
6969
6971
6972
6973
6976
6979
6981
6983
6986
6988
6990
6991
6992
6994
6995
6997
6999
7000
7003
7005
7006
7010
7013
7015
7016
7017
7022
7023
7029
7033
7034
7035
7037
7038
7039
7040
7042
7045
7051
7053
7055
7057
7059
7061
7062
7063
7064
7065
7066
7067
7068
7069
7071
7072
7073
7075
7076
7077
7078
7079
7080
7082
7084
7086
7087
7088
7089
7090
7091
7093
7094
7095
7097
7100
7102
7103
7105
7106
7107
7108
7112
7115
7116
7117
7119
7123
7125
7128
7130
7132
7133
7134
7135
7136
7137
7139
7145
7148
7150
7151
7154
7155
7156
7159
7160
7162
7163
7165
7166
7167
7171
7173
7174
7175
7176
7177
7178
7179
7180
7182
7186
7188
7189
7191
7192
7195
7197
7199
7201
7204
7205
7206
7211
7214
7215
7216
7220
7221
7224
7227
7228
7229
7231
7232
7233
7234
7236
7237
7241
7242
7243
7249
7251
7253
7254
7255
7256
7258
7259
7260
7262
7264
7266
7267
7271
7275
7277
7279
7280
7281
7282
7283
7284
7285
7286
7287
7288
7291
7293
7294
7296
7298
7299
7300
7301
7302
7303
7304
7307
7308
7309
7312
7313
7314
7316
7317
7320
7321
7323
7324
7325
7327
7328
7330
7331
7333
7335
7337
7338
7339
7341
7343
7347
7348
7349
7351
7353
7357
7358
7359
7362
7364
7365
7368
7372
7373
7374
7375
7376
7378
7380
7381
7386
7387
7388
7389
7392
7395
7400
7401
7402
7404
7405
7406
7408
7409
7411
7413
7414
7415
7416
7417
7419
7421
7423
7425
7428
7430
7431
7432
7436
7437
7438
7440
7441
7442
7443
7446
7449
7453
7457
7459
7462
7464
7467
7468
7469
7471
7472
7473
7474
7475
7477
7479
7482
7483
7484
7485
7486
7488
7490
7492
7495
7496
7499
7500
7501
7503
7506
7507
7508
7509
7510
7513
7514
7517
7518
7519
7521
7522
7523
7524
7525
7527
7528
7531
7533
7534
7535
7536
7542
7543
7544
7546
7547
7549
7551
7555
7556
7557
7559
7560
7563
7564
7565
7569
7570
7571
7572
7573
7574
7575
7577
7579
7580
7581
7586
7588
7589
7594
7595
7596
7597
7598
7600
7602
7603
7604
7605
7606
7607
7608
7612
7613
7614
7615
7618
7620
7622
7623
7625
7627
7629
7631
7638
7639
7640
7642
7643
7644
7645
7647
7649
7650
7654
7656
7657
7661
7663
7665
7667
7668
7670
7671
7672
7675
7677
7679
7680
7681
7684
7685
7688
7689
7692
7693
7694
7698
7699
7704
7705
7706
7707
7708
7709
7710
7711
7713
7714
7715
7718
7719
7723
7728
7729
7730
7731
7732
7733
7735
7736
7737
7739
7740
7742
7743
7747
7748
7750
7755
7756
7757
7758
7759
7765
7766
7767
7768
7769
7771
7774
7775
7778
7782
7784
7785
7786
7787
7790
7792
7793
7795
7796
7797
7799
7800
7804
7805
7806
7809
7810
7811
7812
7813
7815
7816
7817
7821
7822
7831
7834
7835
7837
7839
7840
7841
7843
7844
7845
7846
7848
7849
7851
7855
7857
7858
7860
7861
7862
7863
7864
7865
7868
7870
7871
7873
7874
7876
7879
7880
7882
7883
7884
7886
7888
7889
7893
7895
7896
7897
7903
7904
7909
7911
7913
7914
7916
7917
7922
7923
7924
7925
7926
7927
7929
7930
7931
7933
7934
7937
7938
7939
7940
7941
7943
7944
7945
7947
7948
7949
7950
7955
7957
7959
7960
7964
7967
7970
7971
7973
7975
7981
7982
7983
7986
7987
7988
7989
7990
7992
7993
7995
7999
8001
8002
8003
8007
8009
8011
8012
8014
8015
8016
8018
8020
8024
8026
8030
8032
8033
8034
8035
8037
8040
8042
8043
8044
8045
8048
8049
8050
8054
8055
8057
8058
8059
8061
8063
8065
8067
8068
8072
8073
8077
8080
8082
8083
8085
8088
8089
8091
8093
8097
8099
8103
8106
8108
8115
8119
8120
8121
8122
8124
8125
8128
8132
8133
8134
8141
8147
8149
8152
8153
8154
8155
8156
8159
8160
8161
8164
8165
8167
8168
8169
8170
8171
8174
8176
8177
8179
8180
8185
8188
8189
8190
8194
8195
8197
8198
8200
8203
8204
8207
8208
8209
8214
8219
8223
8226
8227
8228
8231
8234
8235
8236
8240
8241
8242
8243
8245
8247
8251
8252
8253
8254
8256
8258
8260
8261
8262
8264
8266
8267
8270
8274
8278
8282
8288
8290
8291
8293
8294
8296
8297
8298
8301
8302
8303
8304
8308
8310
8312
8315
8316
8318
8319
8321
8325
8327
8328
8331
8335
8337
8338
8339
8340
8341
8342
8345
8346
8347
8348
8350
8355
8358
8359
8360
8361
8363
8365
8366
8367
8369
8372
8374
8375
8377
8380
8381
8382
8387
8389
8392
8393
8396
8400
8401
8402
8404
8410
8411
8412
8413
8415
8416
8418
8420
8424
8429
8432
8434
8437
8438
8439
8441
8444
8446
8447
8450
8455
8456
8457
8462
8467
8468
8474
8477
8478
8487
8491
8492
8495
8496
8498
8502
8503
8504
8505
8506
8507
8508
8511
8512
8513
8518
8525
8526
8527
8533
8534
8539
8540
8541
8542
8544
8546
8548
8550
8552
8553
8557
8558
8559
8563
8564
8566
8568
8569
8571
8573
8576
8579
8581
8584
8585
8587
8591
8596
8597
8598
8599
8601
8603
8604
8605
8606
8607
8608
8610
8614
8615
8616
8617
8620
8621
8624
8625
8630
8631
8632
8634
8636
8638
8639
8642
8643
8646
8648
8651
8655
8656
8659
8661
8663
8664
8665
8666
8667
8668
8670
8671
8675
8676
8677
8681
8682
8683
8684
8685
8688
8690
8691
8692
8693
8695
8696
8698
8699
8701
8703
8705
8706
8707
8709
8710
8711
8714
8716
8717
8719
8720
8721
8722
8724
8726
8727
8728
8730
8733
8734
8736
8738
8739
8744
8745
8746
8747
8748
8751
8752
8754
8756
8757
8758
8759
8760
8763
8764
8766
8769
8770
8771
8773
8775
8776
8777
8779
8781
8783
8786
8790
8794
8795
8798
8799
8801
8802
8805
8806
8807
8808
8810
8812
8814
8817
8819
8821
8822
8826
8827
8828
8833
8834
8835
8836
8837
8839
8840
8841
8845
8846
8847
8848
8849
8856
8859
8860
8861
8862
8864
8865
8866
8870
8871
8872
8873
8874
8875
8877
8878
8880
8881
8882
8885
8886
8887
8888
8894
8895
8898
8899
8900
8901
8903
8905
8908
8909
8915
8918
8919
8921
8924
8925
8926
8928
8929
8931
8932
8933
8934
8937
8940
8941
8942
8944
8948
8949
8950
8951
8953
8957
8963
8967
8968
8969
8972
8974
8975
8976
8978
8979
8981
8982
8984
8986
8990
8991
8992
8994
8995
8998
8999
9001
9002
9003
9004
9007
9008
9011
9014
9015
9019
9021
9022
9024
9025
9029
9030
9031
9032
9033
9034
9035
9038
9040
9041
9045
9047
9049
9050
9052
9054
9055
9057
9059
9060
9063
9064
9065
9066
9067
9069
9070
9072
9073
9078
9079
9081
9085
9086
9088
9093
9095
9096
9098
9102
9104
9105
9107
9109
9110
9113
9114
9115
9117
9121
9122
9124
9126
9127
9128
9129
9131
9132
9138
9139
9152
9154
9156
9160
9161
9163
9165
9167
9168
9170
9172
9173
9174
9177
9178
9180
9181
9182
9185
9188
9189
9190
9192
9195
9198
9202
9203
9205
9206
9207
9209
9210
9211
9212
9216
9219
9220
9221
9224
9230
9231
9234
9235
9236
9241
9243
9244
9245
9247
9249
9250
9251
9253
9254
9255
9256
9257
9258
9260
9261
9262
9263
9264
9269
9271
9272
9274
9276
9278
9280
9281
9283
9284
9285
9286
9287
9288
9290
9291
9295
9297
9300
9301
9304
9305