5975
dict len:  23778
word, cnt, diff, m_test, m_rf, m_rnn
('f44d', 75, 1.0, 0, 1, 0)
('AI', 11, 0.6363636363636365, 1, 0, 1)
('boxes', 13, 0.6153846153846154, 0, 1, 0)
('f602', 22, 0.5454545454545455, 0, 1, 0)
('bags', 22, 0.4545454545454545, 1, 1, 0)
('consumer', 10, 0.4, 1, 1, 0)
('island', 10, 0.4, 1, 0, 1)
('Gun', 10, 0.4, 0, 0, 1)
('enforce', 11, 0.36363636363636365, 1, 1, 0)
('wood', 11, 0.36363636363636365, 0, 0, 0)
('laundering', 11, 0.36363636363636354, 1, 0, 1)
('banks', 12, 0.33333333333333337, 1, 0, 1)
('coast', 12, 0.33333333333333337, 1, 1, 0)
('budget', 34, 0.32352941176470584, 1, 0, 0)
('meat', 32, 0.3125, 1, 1, 0)
('finding', 13, 0.3076923076923077, 1, 0, 1)
('organized', 13, 0.3076923076923077, 0, 0, 0)
('throughout', 13, 0.3076923076923077, 1, 0, 0)
('agent', 13, 0.3076923076923077, 0, 0, 0)
('Gucci', 13, 0.30769230769230765, 0, 0, 1)
('opposed', 10, 0.30000000000000004, 1, 0, 0)
('protesting', 10, 0.3, 0, 1, 0)
('bag', 10, 0.3, 1, 1, 0)
('convenience', 10, 0.3, 0, 0, 0)
('politically', 10, 0.3, 1, 1, 0)
('salary', 10, 0.3, 0, 0, 0)
('ally', 10, 0.29999999999999993, 1, 1, 0)
('MAGA', 10, 0.29999999999999993, 1, 0, 1)
('athletes', 17, 0.2941176470588235, 0, 0, 0)
('Same', 24, 0.2916666666666665, 1, 0, 1)
('13', 14, 0.2857142857142857, 1, 0, 1)
('denying', 14, 0.2857142857142857, 0, 0, 0)
('wouldve', 18, 0.2777777777777778, 1, 0, 0)
('relative', 11, 0.2727272727272727, 1, 0, 0)
('japanese', 11, 0.2727272727272727, 1, 1, 0)
('Bali', 11, 0.2727272727272727, 0, 0, 0)
('emotional', 11, 0.2727272727272727, 1, 0, 0)
('cocaine', 33, 0.2727272727272727, 1, 1, 0)
('warmer', 11, 0.2727272727272727, 1, 0, 0)
('immigrant', 11, 0.2727272727272727, 0, 0, 0)
('combined', 11, 0.2727272727272727, 0, 0, 0)
('salt', 11, 0.2727272727272727, 0, 0, 0)
('B', 11, 0.2727272727272727, 1, 0, 0)
('board', 15, 0.2666666666666667, 0, 0, 0)
('OK', 15, 0.26666666666666666, 0, 1, 0)
('stable', 15, 0.26666666666666666, 1, 1, 0)
('Money', 15, 0.2666666666666666, 1, 0, 1)
('surplus', 46, 0.26086956521739135, 0, 0, 0)
('fishing', 27, 0.25925925925925924, 0, 0, 0)
('ten', 12, 0.25000000000000006, 1, 0, 0)
('movies', 12, 0.25000000000000006, 1, 0, 0)
('cash', 12, 0.25000000000000006, 1, 0, 0)
('chicken', 12, 0.25, 0, 1, 0)
('treat', 12, 0.25, 0, 0, 0)
('warfare', 12, 0.25, 1, 0, 1)
('Theyve', 12, 0.25, 1, 1, 1)
('stores', 12, 0.25, 0, 0, 0)
('joint', 16, 0.25, 1, 0, 0)
('friends', 41, 0.24390243902439024, 0, 0, 0)
('sit', 17, 0.23529411764705882, 1, 1, 0)
('hour', 13, 0.23076923076923084, 1, 0, 0)
('investment', 13, 0.23076923076923078, 1, 0, 0)
('90', 13, 0.23076923076923078, 1, 0, 0)
('tourists', 13, 0.23076923076923078, 0, 0, 0)
('Democrats', 26, 0.23076923076923078, 0, 0, 0)
('arrive', 13, 0.23076923076923078, 0, 0, 0)
('hunting', 26, 0.23076923076923078, 1, 1, 0)
('Merkel', 13, 0.23076923076923078, 1, 0, 0)
('breaking', 13, 0.23076923076923078, 1, 0, 0)
('bottom', 13, 0.23076923076923073, 1, 0, 1)
('voice', 22, 0.2272727272727273, 1, 1, 0)
('worry', 36, 0.22222222222222227, 1, 0, 0)
('reporting', 18, 0.2222222222222222, 0, 0, 0)
('played', 18, 0.2222222222222222, 1, 0, 1)
('check', 32, 0.21875, 1, 0, 0)
('Congress', 23, 0.21739130434782605, 1, 1, 0)
('s', 60, 0.21666666666666667, 0, 0, 1)
('genocide', 37, 0.21621621621621623, 0, 0, 0)
('openly', 14, 0.2142857142857143, 1, 0, 0)
('greater', 14, 0.2142857142857143, 1, 0, 0)
('content', 14, 0.2142857142857143, 1, 0, 0)
('prefer', 14, 0.2142857142857143, 1, 0, 1)
('documentary', 14, 0.2142857142857143, 1, 1, 1)
('somebody', 14, 0.21428571428571425, 1, 0, 1)
('thoughts', 14, 0.21428571428571425, 1, 0, 1)
('2013', 14, 0.21428571428571425, 0, 0, 0)
('minimum', 14, 0.21428571428571425, 1, 0, 1)
('opposite', 19, 0.21052631578947367, 0, 0, 0)
('With', 24, 0.20833333333333331, 0, 0, 0)
('culture', 64, 0.203125, 0, 0, 0)
('cuts', 10, 0.20000000000000007, 0, 0, 1)
('straws', 35, 0.20000000000000007, 0, 1, 1)
('tends', 10, 0.20000000000000004, 0, 0, 0)
('bullet', 10, 0.2, 0, 0, 0)
('communist', 20, 0.2, 1, 0, 0)
('waters', 10, 0.2, 0, 0, 0)
('slaughter', 10, 0.2, 1, 0, 0)
('informed', 15, 0.2, 0, 0, 0)
('bases', 10, 0.2, 1, 0, 0)
('Perhaps', 15, 0.2, 1, 0, 1)
