1
2
3
4
5
6
7
9
10
11
12
13
15
17
18
19
22
23
24
25
26
27
29
30
31
32
37
39
44
46
48
49
50
52
55
56
58
59
60
62
64
65
66
67
69
70
71
73
74
75
76
77
78
79
81
82
84
85
86
87
88
89
90
92
93
94
95
99
101
102
103
105
106
107
109
111
112
118
120
121
128
129
130
132
133
138
139
140
145
146
148
149
150
151
152
153
154
155
156
157
158
159
160
162
163
164
168
169
170
172
175
176
178
181
182
184
185
186
187
190
191
192
193
197
201
202
203
206
207
208
210
211
214
216
217
218
221
222
223
224
226
229
232
233
234
242
243
244
245
247
248
250
251
253
254
257
258
259
260
261
263
264
265
268
272
279
280
283
285
286
288
289
290
293
296
297
299
301
302
304
306
307
308
310
312
313
314
315
318
319
320
321
324
325
326
327
331
334
335
336
337
338
339
340
341
345
347
349
350
351
352
353
354
355
356
357
359
360
361
362
365
366
368
370
371
372
373
374
375
378
379
380
381
382
385
386
387
388
391
396
397
398
399
400
402
403
404
405
406
407
408
409
410
412
413
414
416
418
419
422
423
424
425
427
428
431
432
433
434
436
437
438
440
441
442
443
444
445
446
448
450
451
452
454
455
456
458
463
464
469
470
471
472
473
474
475
476
479
483
484
485
486
487
488
490
491
492
494
495
496
497
498
499
501
502
504
505
506
507
508
510
511
512
514
515
517
518
521
522
524
525
526
528
530
531
534
535
536
537
541
542
543
545
546
548
552
553
555
556
558
560
562
564
565
566
568
569
570
571
572
573
574
576
577
578
579
581
584
585
586
588
589
591
592
594
595
596
597
599
600
603
606
607
608
609
611
612
613
614
615
617
621
624
625
626
627
628
629
630
631
632
633
634
635
636
637
639
640
643
645
646
648
649
652
654
655
656
658
659
660
661
662
663
664
665
666
667
668
669
670
671
673
674
675
676
677
678
679
680
681
682
683
684
686
687
688
690
691
692
694
695
696
697
699
700
701
702
703
704
706
707
708
711
712
713
714
716
717
718
719
720
721
722
723
725
727
728
729
731
732
733
734
736
740
741
742
743
744
745
746
747
748
749
750
752
753
754
755
756
757
758
759
760
761
762
763
765
766
768
769
770
771
773
774
778
779
780
782
783
784
785
786
787
789
790
791
792
794
795
797
799
800
801
802
803
805
806
807
808
811
815
817
818
820
824
825
826
827
829
830
831
832
833
835
840
841
842
843
844
845
846
847
848
849
850
851
853
854
856
857
859
862
863
864
865
866
870
871
872
876
877
878
879
882
884
885
886
887
888
890
891
892
893
895
897
898
899
903
904
909
910
911
914
915
916
917
918
919
921
922
923
924
930
932
934
937
938
939
943
945
946
948
949
953
954
956
957
958
959
962
964
965
966
969
970
972
973
974
975
976
979
980
982
983
987
988
989
992
993
994
995
999
1000
1002
1003
1005
1006
1008
1010
1011
1012
1013
1014
1018
1019
1020
1022
1025
1026
1027
1028
1031
1033
1036
1038
1039
1041
1042
1043
1044
1045
1046
1047
1048
1049
1050
1052
1054
1056
1057
1059
1060
1061
1065
1067
1068
1069
1071
1072
1073
1074
1075
1076
1078
1079
1080
1081
1084
1085
1086
1088
1093
1094
1095
1096
1100
1102
1107
1109
1111
1113
1116
1117
1120
1121
1122
1124
1125
1128
1129
1130
1131
1132
1136
1137
1139
1141
1142
1143
1144
1146
1147
1148
1149
1150
1151
1153
1154
1155
1156
1157
1158
1159
1160
1161
1162
1164
1165
1166
1167
1168
1170
1173
1175
1176
1178
1180
1182
1184
1185
1186
1189
1190
1191
1192
1193
1195
1198
1199
1200
1202
1203
1204
1205
1207
1211
1212
1213
1219
1225
1228
1229
1230
1232
1233
1236
1237
1238
1239
1241
1246
1247
1248
1249
1252
1253
1255
1256
1259
1260
1261
1262
1263
1264
1265
1268
1269
1270
1271
1273
1274
1275
1276
1277
1279
1280
1284
1285
1286
1290
1291
1293
1294
1295
1297
1298
1299
1301
1302
1303
1304
1305
1307
1308
1309
1310
1311
1312
1313
1315
1318
1320
1321
1322
1325
1327
1330
1332
1333
1334
1335
1336
1338
1339
1340
1341
1342
1345
1346
1347
1349
1350
1351
1352
1357
1358
1359
1360
1361
1362
1363
1364
1365
1366
1367
1369
1370
1372
1373
1374
1375
1376
1378
1379
1380
1381
1384
1385
1386
1387
1388
1389
1390
1391
1392
1395
1396
1398
1399
1403
1404
1409
1412
1413
1414
1415
1416
1418
1421
1423
1424
1425
1427
1428
1429
1431
1433
1435
1436
1437
1440
1441
1443
1444
1445
1447
1448
1452
1455
1457
1458
1461
1464
1466
1467
1469
1470
1472
1475
1476
1477
1478
1479
1480
1481
1483
1484
1487
1488
1489
1491
1495
1496
1497
1498
1499
1500
1503
1504
1508
1509
1510
1511
1513
1514
1517
1519
1524
1525
1527
1528
1529
1530
1531
1532
1533
1536
1538
1539
1540
1542
1543
1545
1546
1548
1551
1553
1554
1559
1560
1561
1562
1563
1566
1568
1569
1570
1572
1573
1575
1576
1580
1581
1582
1583
1584
1585
1587
1588
1589
1590
1591
1593
1594
1595
1596
1600
1601
1603
1605
1606
1607
1608
1609
1612
1614
1615
1616
1617
1618
1623
1624
1625
1626
1627
1628
1630
1632
1633
1634
1635
1636
1637
1642
1643
1644
1645
1646
1647
1648
1651
1653
1655
1656
1658
1660
1662
1663
1664
1665
1666
1667
1669
1670
1671
1672
1673
1675
1676
1677
1680
1682
1683
1685
1687
1688
1690
1691
1692
1693
1694
1696
1697
1698
1699
1700
1705
1707
1708
1712
1713
1714
1717
1718
1719
1720
1722
1723
1725
1726
1727
1730
1731
1732
1734
1735
1737
1738
1740
1742
1743
1744
1745
1747
1748
1749
1750
1751
1756
1757
1758
1761
1762
1763
1764
1765
1766
1767
1769
1772
1773
1774
1775
1776
1778
1779
1781
1782
1783
1784
1788
1789
1791
1792
1793
1798
1803
1804
1806
1807
1808
1809
1811
1813
1814
1815
1818
1819
1821
1822
1825
1828
1829
1831
1832
1835
1837
1838
1839
1843
1845
1847
1848
1849
1850
1852
1853
1854
1855
1857
1858
1861
1862
1863
1864
1865
1866
1868
1871
1872
1875
1876
1877
1878
1879
1880
1882
1883
1884
1885
1886
1887
1888
1890
1892
1893
1895
1896
1897
1899
1901
1903
1904
1906
1908
1913
1915
1916
1918
1919
1920
1921
1933
1934
1935
1936
1937
1938
1939
1941
1942
1943
1944
1945
1946
1948
1953
1954
1955
1956
1957
1959
1960
1961
1967
1968
1969
1970
1971
1973
1974
1975
1976
1979
1983
1985
1986
1988
1989
1990
1991
1993
1994
1997
2001
2002
2003
2004
2005
2006
2008
2009
2010
2011
2012
2013
2014
2015
2017
2021
2022
2023
2025
2027
2029
2030
2031
2032
2034
2035
2036
2037
2039
2042
2043
2045
2046
2047
2048
2049
2050
2052
2053
2057
2058
2060
2061
2062
2067
2068
2069
2070
2072
2073
2075
2076
2077
2078
2081
2083
2088
2089
2091
2092
2094
2095
2096
2097
2098
2100
2101
2103
2108
2109
2110
2111
2112
2113
2115
2117
2119
2120
2121
2124
2130
2131
2134
2136
2137
2139
2140
2141
2142
2143
2144
2145
2146
2147
2148
2149
2151
2154
2156
2157
2158
2159
2160
2161
2162
2163
2164
2166
2168
2169
2170
2171
2172
2174
2176
2178
2180
2181
2182
2183
2185
2186
2187
2191
2192
2196
2197
2199
2200
2202
2203
2205
2208
2209
2212
2214
2215
2217
2218
2220
2224
2229
2231
2233
2234
2236
2237
2238
2239
2240
2244
2245
2246
2247
2248
2249
2252
2254
2257
2258
2259
2260
2268
2269
2270
2271
2272
2275
2276
2278
2279
2282
2283
2285
2287
2288
2289
2292
2293
2294
2295
2297
2299
2300
2305
2309
2310
2312
2313
2314
2315
2316
2318
2319
2320
2321
2322
2323
2324
2325
2326
2327
2328
2332
2333
2334
2335
2336
2337
2338
2340
2342
2343
2348
2352
2353
2354
2357
2361
2362
2363
2365
2366
2367
2368
2369
2370
2371
2373
2375
2376
2377
2382
2384
2385
2389
2390
2391
2393
2395
2397
2400
2401
2402
2403
2404
2405
2406
2409
2410
2412
2413
2414
2416
2418
2419
2420
2421
2422
2423
2424
2425
2426
2427
2428
2429
2432
2435
2437
2438
2439
2442
2443
2445
2446
2447
2448
2450
2452
2453
2457
2458
2459
2460
2461
2462
2463
2464
2466
2468
2471
2473
2475
2476
2477
2478
2480
2481
2482
2483
2485
2486
2487
2490
2494
2495
2498
2499
2500
2501
2502
2506
2507
2510
2511
2512
2513
2514
2515
2516
2517
2520
2522
2524
2525
2527
2528
2531
2535
2536
2539
2540
2541
2543
2544
2545
2546
2548
2551
2552
2553
2554
2555
2558
2559
2562
2569
2570
2571
2572
2573
2574
2575
2577
2578
2580
2582
2587
2588
2589
2590
2592
2593
2594
2595
2597
2598
2600
2602
2604
2605
2606
2608
2609
2610
2611
2612
2614
2616
2617
2619
2620
2621
2623
2624
2625
2629
2631
2632
2633
2634
2635
2637
2639
2640
2641
2642
2644
2646
2647
2648
2649
2650
2651
2652
2653
2654
2656
2657
2658
2660
2661
2662
2663
2668
2671
2675
2678
2680
2681
2683
2686
2687
2688
2689
2690
2691
2693
2694
2695
2697
2699
2702
2703
2704
2705
2709
2710
2711
2712
2713
2715
2717
2719
2720
2722
2725
2726
2728
2735
2736
2737
2739
2740
2741
2743
2745
2747
2748
2749
2750
2752
2755
2759
2760
2761
2762
2763
2765
2766
2767
2770
2771
2773
2776
2777
2778
2779
2780
2781
2782
2786
2788
2789
2790
2791
2792
2795
2796
2797
2798
2800
2801
2802
2805
2807
2808
2809
2810
2811
2813
2814
2815
2816
2817
2818
2820
2825
2831
2833
2834
2840
2841
2842
2843
2848
2850
2851
2852
2853
2854
2856
2857
2858
2859
2861
2862
2863
2864
2865
2866
2867
2868
2869
2870
2872
2874
2876
2878
2879
2880
2881
2884
2885
2888
2889
2890
2891
2892
2895
2896
2897
2899
2900
2901
2903
2904
2908
2910
2911
2913
2915
2916
2917
2919
2920
2921
2922
2923
2924
2925
2926
2927
2930
2935
2937
2940
2943
2945
2946
2947
2948
2950
2951
2953
2954
2955
2956
2957
2958
2960
2961
2963
2967
2968
2969
2970
2971
2972
2975
2976
2978
2979
2980
2981
2983
2987
2988
2991
2992
2993
2995
2996
2998
2999
3000
3001
3007
3008
3009
3010
3012
3014
3015
3018
3021
3023
3024
3025
3026
3027
3028
3034
3037
3039
3040
3045
3046
3047
3048
3049
3050
3051
3053
3056
3057
3058
3060
3061
3065
3067
3068
3071
3072
3073
3074
3076
3077
3079
3082
3083
3085
3086
3089
3090
3094
3095
3098
3103
3104
3106
3107
3110
3111
3112
3113
3114
3115
3117
3118
3119
3121
3122
3123
3125
3126
3127
3129
3130
3132
3134
3136
3138
3140
3141
3144
3145
3147
3148
3149
3150
3151
3154
3155
3158
3159
3160
3161
3163
3164
3167
3168
3169
3170
3173
3174
3175
3177
3178
3180
3183
3184
3186
3187
3189
3190
3193
3194
3195
3199
3200
3201
3202
3203
3204
3206
3207
3208
3209
3212
3213
3217
3218
3219
3223
3224
3227
3228
3230
3232
3241
3243
3246
3247
3248
3249
3250
3251
3253
3256
3259
3260
3263
3264
3265
3267
3268
3269
3270
3271
3276
3277
3278
3279
3281
3282
3283
3284
3285
3288
3289
3290
3291
3292
3294
3296
3297
3300
3301
3302
3304
3306
3307
3308
3310
3311
3313
3314
3317
3319
3320
3321
3323
3324
3325
3327
3328
3329
3331
3334
3337
3339
3341
3344
3346
3347
3348
3349
3350
3354
3356
3357
3360
3361
3363
3365
3366
3369
3371
3372
3373
3374
3376
3378
3379
3380
3381
3382
3383
3384
3387
3388
3389
3390
3394
3396
3397
3398
3399
3400
3401
3403
3407
3410
3411
3414
3415
3417
3418
3420
3421
3423
3425
3427
3428
3429
3430
3433
3434
3435
3436
3437
3438
3439
3441
3443
3444
3445
3446
3447
3450
3452
3455
3456
3457
3461
3462
3463
3464
3465
3466
3467
3469
3470
3471
3472
3473
3475
3476
3478
3479
3480
3481
3483
3487
3490
3491
3492
3494
3495
3496
3498
3499
3500
3501
3502
3503
3504
3505
3509
3510
3511
3513
3515
3516
3518
3521
3522
3523
3524
3525
3526
3527
3528
3529
3532
3534
3535
3539
3540
3541
3544
3547
3548
3549
3550
3551
3552
3553
3556
3558
3559
3563
3564
3566
3568
3569
3572
3574
3575
3577
3578
3581
3582
3583
3585
3587
3588
3590
3591
3592
3593
3594
3597
3602
3603
3604
3606
3609
3611
3613
3614
3615
3617
3620
3623
3627
3628
3629
3630
3631
3633
3634
3635
3638
3639
3640
3645
3646
3649
3650
3652
3654
3655
3656
3657
3658
3664
3665
3666
3668
3669
3670
3672
3674
3675
3677
3680
3683
3684
3685
3687
3690
3691
3693
3694
3695
3696
3697
3698
3699
3700
3701
3705
3708
3710
3711
3712
3713
3714
3715
3716
3719
3722
3725
3727
3728
3730
3733
3734
3735
3736
3737
3738
3741
3743
3744
3745
3746
3749
3750
3751
3752
3757
3760
3762
3763
3764
3765
3767
3768
3771
3772
3773
3775
3779
3780
3781
3784
3786
3788
3789
3790
3791
3792
3794
3796
3797
3798
3799
3800
3801
3802
3805
3806
3807
3808
3809
3810
3812
3813
3814
3816
3819
3820
3822
3824
3825
3827
3828
3831
3834
3836
3838
3845
3846
3847
3848
3849
3850
3851
3852
3854
3857
3858
3859
3862
3864
3871
3872
3874
3875
3878
3879
3882
3883
3884
3885
3886
3887
3888
3889
3890
3891
3893
3895
3897
3899
3900
3901
3903
3906
3907
3908
3912
3914
3918
3921
3925
3926
3927
3928
3929
3930
3931
3933
3935
3936
3938
3942
3943
3944
3947
3948
3949
3950
3951
3952
3953
3959
3960
3961
3962
3963
3964
3966
3970
3971
3972
3973
3974
3976
3978
3982
3983
3984
3987
3988
3990
3991
3992
3994
3997
4001
4002
4003
4004
4005
4009
4010
4012
4013
4014
4017
4019
4020
4021
4022
4023
4025
4027
4030
4034
4035
4036
4037
4040
4042
4043
4045
4047
4048
4049
4051
4053
4055
4058
4060
4061
4063
4066
4067
4068
4069
4071
4076
4077
4079
4080
4081
4083
4087
4089
4090
4093
4094
4095
4096
4098
4099
4100
4102
4103
4105
4106
4107
4110
4112
4114
4115
4116
4117
4121
4122
4123
4125
4127
4128
4129
4131
4132
4133
4136
4137
4138
4139
4140
4141
4143
4147
4148
4149
4151
4152
4153
4155
4157
4159
4160
4161
4162
4163
4164
4165
4166
4167
4170
4173
4178
4179
4181
4182
4183
4184
4187
4188
4189
4190
4191
4192
4197
4199
4200
4201
4203
4204
4205
4207
4208
4210
4211
4212
4215
4219
4220
4224
4227
4228
4235
4236
4238
4239
4241
4242
4244
4247
4248
4249
4250
4251
4253
4255
4258
4259
4261
4264
4265
4266
4267
4268
4269
4270
4272
4274
4275
4277
4278
4279
4280
4281
4283
4284
4285
4286
4287
4288
4291
4292
4293
4295
4296
4297
4298
4302
4304
4305
4311
4312
4313
4317
4318
4319
4322
4327
4328
4331
4338
4340
4341
4342
4344
4346
4347
4348
4350
4354
4355
4356
4357
4358
4359
4360
4361
4363
4365
4369
4370
4373
4374
4375
4377
4378
4381
4382
4385
4386
4387
4388
4391
4392
4394
4396
4397
4398
4399
4402
4404
4407
4410
4411
4412
4413
4414
4415
4416
4417
4418
4420
4421
4423
4425
4426
4427
4429
4431
4435
4436
4439
4440
4441
4444
4446
4448
4449
4450
4451
4452
4453
4454
4456
4459
4460
4461
4462
4463
4468
4469
4470
4471
4472
4475
4479
4486
4488
4494
4496
4498
4499
4500
4502
4503
4505
4507
4510
4512
4514
4516
4520
4522
4526
4527
4528
4532
4534
4535
4536
4537
4539
4540
4541
4542
4544
4547
4549
4551
4556
4558
4559
4560
4565
4566
4567
4568
4569
4571
4574
4579
4582
4583
4584
4585
4586
4588
4592
4593
4594
4598
4601
4602
4604
4607
4608
4610
4612
4613
4614
4615
4616
4618
4619
4620
4623
4624
4625
4627
4630
4632
4633
4634
4636
4639
4643
4644
4645
4646
4647
4649
4650
4651
4652
4653
4655
4656
4658
4659
4661
4664
4665
4667
4669
4670
4674
4675
4676
4677
4679
4680
4681
4682
4685
4686
4688
4690
4692
4695
4696
4698
4704
4706
4707
4708
4710
4711
4713
4714
4716
4721
4723
4724
4725
4726
4727
4729
4730
4731
4732
4733
4734
4736
4737
4738
4739
4740
4743
4745
4746
4747
4749
4750
4752
4753
4754
4756
4758
4759
4760
4763
4765
4767
4768
4769
4770
4773
4775
4777
4778
4779
4781
4784
4785
4789
4790
4791
4793
4794
4797
4799
4800
4802
4805
4806
4807
4808
4809
4810
4813
4814
4815
4816
4819
4820
4822
4823
4824
4826
4827
4828
4829
4831
4832
4833
4837
4839
4842
4843
4845
4846
4847
4851
4852
4853
4856
4857
4858
4860
4861
4862
4865
4867
4870
4874
4878
4879
4880
4881
4882
4884
4886
4888
4889
4891
4894
4897
4900
4901
4902
4903
4904
4907
4909
4910
4911
4914
4916
4919
4921
4922
4924
4925
4926
4928
4929
4934
4936
4937
4939
4940
4941
4944
4947
4948
4950
4955
4956
4958
4959
4961
4962
4963
4965
4966
4967
4969
4970
4971
4973
4974
4976
4977
4978
4979
4980
4981
4982
4983
4984
4985
4986
4988
4989
4990
4991
4993
4996
4998
4999
5004
5005
5006
5007
5008
5010
5011
5013
5014
5016
5020
5021
5022
5023
5024
5025
5026
5027
5029
5030
5031
5035
5037
5041
5043
5045
5048
5049
5050
5051
5052
5053
5055
5056
5057
5058
5059
5060
5063
5066
5067
5069
5070
5071
5073
5075
5076
5077
5078
5080
5082
5085
5088
5095
5096
5101
5103
5104
5106
5107
5108
5109
5110
5111
5113
5119
5123
5124
5125
5126
5127
5130
5131
5136
5137
5138
5139
5141
5142
5144
5145
5146
5147
5149
5152
5153
5154
5155
5156
5157
5159
5163
5167
5173
5175
5177
5178
5182
5184
5185
5186
5188
5192
5195
5196
5197
5201
5204
5205
5206
5207
5209
5211
5212
5214
5216
5219
5224
5226
5230
5231
5232
5233
5235
5236
5237
5238
5239
5241
5242
5244
5247
5248
5249
5253
5254
5255
5256
5257
5258
5259
5260
5261
5263
5266
5267
5269
5270
5272
5273
5274
5276
5277
5280
5281
5283
5284
5285
5287
5289
5290
5291
5292
5293
5294
5295
5298
5300
5301
5303
5306
5307
5309
5310
5311
5312
5313
5315
5316
5317
5318
5320
5322
5323
5325
5328
5331
5332
5333
5334
5335
5338
5339
5341
5344
5346
5348
5349
5351
5355
5357
5359
5362
5364
5367
5370
5371
5372
5375
5376
5377
5378
5379
5382
5384
5386
5387
5389
5392
5393
5394
5396
5397
5398
5399
5400
5402
5403
5405
5407
5409
5410
5411
5412
5413
5416
5417
5418
5419
5420
5421
5422
5424
5425
5426
5428
5429
5435
5437
5443
5444
5445
5446
5448
5449
5452
5454
5457
5458
5459
5460
5461
5463
5464
5465
5467
5468
5471
5474
5475
5476
5478
5481
5482
5483
5484
5486
5489
5490
5491
5495
5499
5500
5504
5506
5507
5513
5515
5516
5517
5521
5522
5524
5526
5529
5533
5534
5535
5538
5540
5542
5544
5545
5546
5548
5550
5551
5553
5554
5555
5558
5559
5560
5563
5566
5567
5569
5570
5571
5573
5574
5578
5582
5583
5584
5585
5586
5587
5590
5591
5594
5596
5599
5600
5601
5604
5607
5608
5609
5611
5615
5616
5617
5618
5619
5621
5622
5624
5627
5628
5629
5630
5631
5632
5633
5637
5639
5641
5642
5644
5646
5647
5648
5649
5656
5661
5662
5663
5664
5667
5668
5671
5672
5673
5676
5677
5679
5680
5681
5683
5685
5686
5688
5690
5691
5693
5694
5695
5698
5699
5702
5703
5705
5707
5708
5709
5710
5713
5718
5721
5722
5723
5724
5727
5732
5735
5739
5740
5742
5743
5745
5746
5747
5748
5750
5751
5753
5755
5758
5759
5760
5762
5763
5765
5769
5771
5775
5777
5778
5780
5781
5783
5784
5786
5787
5791
5796
5797
5799
5800
5802
5803
5805
5806
5807
5808
5811
5812
5818
5820
5821
5822
5825
5826
5827
5829
5832
5833
5834
5835
5837
5838
5839
5840
5841
5843
5844
5845
5846
5852
5853
5855
5856
5859
5860
5862
5865
5866
5868
5869
5871
5872
5880
5885
5887
5888
5889
5890
5892
5893
5894
5895
5897
5899
5900
5901
5902
5903
5905
5911
5914
5915
5917
5919
5920
5921
5922
5923
5925
5927
5929
5931
5934
5936
5937
5938
5940
5941
5943
5945
5949
5954
5955
5961
5962
5963
5967
5968
5969
5970
5971
5973
5974
5975
5976
5977
5980
5983
5985
5987
5989
5990
5991
5993
5994
5995
5999
6000
6002
6003
6004
6006
6008
6010
6013
6014
6017
6018
6024
6026
6029
6034
6036
6038
6039
6041
6044
6045
6046
6049
6050
6051
6053
6054
6055
6056
6057
6058
6059
6061
6062
6065
6068
6069
6070
6071
6073
6080
6081
6083
6084
6090
6092
6093
6099
6101
6102
6105
6106
6108
6110
6114
6115
6116
6118
6124
6126
6127
6129
6130
6131
6132
6133
6135
6136
6137
6138
6139
6141
6143
6144
6145
6146
6149
6150
6151
6152
6153
6154
6155
6156
6158
6163
6164
6166
6167
6168
6170
6173
6174
6175
6177
6180
6181
6184
6185
6187
6188
6189
6190
6191
6192
6194
6195
6197
6198
6199
6200
6201
6202
6203
6204
6208
6209
6210
6212
6213
6217
6218
6224
6226
6227
6230
6231
6232
6233
6234
6238
6243
6245
6246
6247
6248
6251
6254
6256
6258
6260
6261
6264
6265
6267
6268
6272
6276
6277
6278
6279
6284
6285
6286
6287
6288
6290
6292
6294
6295
6297
6300
6304
6306
6307
6310
6311
6313
6315
6316
6317
6318
6319
6320
6322
6323
6325
6326
6328
6329
6330
6333
6337
6341
6342
6343
6344
6348
6351
6352
6354
6355
6357
6358
6359
6364
6365
6366
6367
6368
6369
6370
6371
6372
6373
6374
6375
6377
6378
6379
6380
6381
6383
6384
6385
6386
6389
6391
6394
6396
6397
6398
6400
6401
6404
6405
6406
6407
6408
6409
6410
6411
6414
6415
6416
6418
6420
6423
6424
6426
6428
6429
6432
6434
6436
6437
6439
6440
6442
6445
6446
6447
6448
6449
6453
6454
6458
6459
6460
6463
6464
6465
6467
6469
6470
6471
6474
6476
6478
6479
6481
6482
6485
6487
6488
6489
6490
6493
6497
6498
6499
6500
6501
6503
6504
6505
6506
6509
6510
6514
6516
6517
6518
6519
6522
6523
6525
6526
6527
6528
6529
6530
6531
6533
6534
6537
6538
6540
6541
6542
6546
6547
6548
6549
6550
6551
6552
6553
6554
6556
6557
6558
6560
6561
6562
6563
6564
6565
6566
6567
6569
6570
6571
6572
6574
6577
6578
6580
6581
6584
6585
6586
6588
6590
6592
6594
6595
6596
6597
6598
6599
6600
6601
6603
6605
6606
6607
6608
6609
6612
6614
6615
6616
6617
6618
6620
6621
6622
6623
6624
6626
6628
6631
6632
6633
6634
6635
6638
6639
6641
6642
6643
6646
6648
6649
6651
6653
6659
6660
6661
6662
6665
6666
6669
6670
6671
6672
6674
6678
6680
6683
6684
6688
6690
6691
6692
6694
6696
6698
6699
6700
6701
6702
6705
6707
6709
6711
6713
6716
6718
6719
6720
6722
6724
6725
6726
6728
6732
6733
6735
6737
6738
6739
6740
6745
6748
6753
6754
6756
6759
6760
6761
6762
6764
6765
6766
6768
6769
6770
6771
6772
6773
6775
6776
6778
6779
6780
6781
6783
6784
6785
6786
6787
6788
6789
6790
6795
6799
6800
6801
6802
6804
6805
6807
6808
6809
6810
6811
6813
6817
6818
6821
6823
6824
6826
6828
6829
6830
6831
6835
6836
6839
6840
6845
6847
6848
6851
6853
6854
6856
6857
6859
6860
6861
6863
6864
6866
6868
6869
6870
6871
6872
6875
6877
6878
6879
6880
6881
6884
6886
6887
6888
6890
6893
6894
6896
6897
6899
6900
6901
6906
6908
6910
6912
6913
6914
6916
6918
6922
6924
6925
6926
6927
6931
6932
6933
6934
6936
6937
6940
6941
6942
6943
6945
6947
6949
6951
6952
6954
6955
6956
6957
6958
6960
6961
6962
6963
6965
6966
6967
6972
6973
6976
6977
6978
6979
6980
6981
6983
6985
6986
6987
6989
6992
6995
6996
6999
7002
7003
7004
7005
7007
7008
7009
7010
7013
7014
7015
7017
7018
7019
7020
7022
7025
7027
7031
7033
7034
7036
7040
7042
7043
7045
7047
7049
7050
7051
7052
7053
7054
7056
7057
7058
7059
7060
7061
7062
7063
7065
7066
7067
7068
7071
7072
7073
7074
7075
7077
7078
7079
7080
7083
7084
7087
7090
7091
7092
7094
7095
7100
7101
7104
7105
7106
7108
7111
7112
7114
7115
7116
7117
7118
7119
7122
7123
7124
7125
7126
7127
7128
7130
7131
7132
7133
7135
7137
7140
7142
7145
7146
7150
7151
7152
7154
7155
7157
7158
7159
7160
7162
7163
7164
7165
7166
7167
7170
7171
7174
7176
7177
7181
7182
7183
7184
7185
7188
7189
7192
7195
7197
7198
7200
7203
7204
7205
7206
7207
7208
7212
7213
7216
7220
7226
7227
7228
7229
7230
7232
7233
7234
7236
7240
7242
7243
7244
7246
7248
7250
7251
7252
7253
7255
7258
7262
7263
7265
7269
7270
7272
7274
7276
7278
7282
7283
7284
7285
7286
7287
7288
7290
7291
7292
7294
7295
7296
7298
7299
7301
7302
7304
7305
7307
7308
7309
7310
7312
7313
7314
7316
7320
7321
7327
7328
7330
7331
7332
7334
7336
7338
7339
7342
7343
7344
7346
7350
7351
7355
7356
7357
7359
7360
7363
7364
7365
7368
7370
7379
7380
7381
7384
7385
7386
7387
7388
7389
7393
7394
7396
7397
7399
7400
7401
7403
7405
7407
7410
7411
7413
7415
7419
7422
7423
7432
7433
7435
7436
7437
7438
7440
7442
7443
7444
7445
7446
7448
7449
7456
7458
7463
7465
7466
7468
7472
7474
7476
7477
7478
7482
7484
7485
7486
7488
7490
7491
7493
7494
7498
7500
7502
7503
7504
7505
7508
7510
7511
7512
7513
7514
7515
7516
7517
7519
7520
7521
7523
7525
7527
7529
7530
7531
7533
7535
7536
7539
7540
7541
7548
7550
7552
7554
7556
7557
7558
7560
7561
7564
7565
7568
7570
7572
7573
7575
7578
7579
7580
7581
7582
7584
7586
7587
7588
7589
7591
7592
7593
7594
7595
7596
7598
7599
7602
7604
7605
7606
7607
7608
7609
7611
7612
7618
7620
7621
7622
7623
7624
7625
7626
7627
7628
7631
7632
7633
7635
7636
7637
7638
7640
7641
7642
7643
7644
7645
7646
7648
7649
7650
7652
7653
7657
7658
7659
7660
7662
7668
7669
7670
7671
7672
7673
7674
7679
7680
7681
7684
7686
7688
7693
7696
7697
7700
7701
7702
7703
7704
7705
7706
7707
7709
7711
7712
7714
7715
7717
7720
7721
7723
7724
7725
7726
7729
7730
7732
7736
7737
7739
7740
7741
7742
7743
7744
7745
7747
7748
7750
7751
7752
7753
7757
7758
7759
7760
7765
7766
7767
7769
7770
7771
7772
7773
7774
7776
7777
7779
7780
7784
7787
7788
7789
7791
7794
7795
7796
7798
7799
7800
7802
7803
7804
7805
7808
7812
7816
7817
7818
7819
7820
7821
7822
7823
7825
7826
7828
7830
7833
7836
7837
7842
7843
7846
7850
7851
7852
7853
7856
7857
7859
7860
7861
7862
7863
7864
7865
7866
7867
7868
7870
7872
7873
7874
7875
7876
7877
7878
7879
7880
7884
7885
7886
7887
7890
7891
7893
7895
7896
7897
7898
7899
7900
7901
7903
7904
7905
7908
7910
7911
7913
7914
7915
7916
7917
7918
7920
7921
7922
7923
7925
7927
7928
7929
7933
7934
7935
7936
7937
7938
7940
7942
7946
7947
7948
7953
7954
7956
7957
7960
7961
7963
7964
7965
7966
7967
7968
7971
7973
7974
7976
7977
7978
7981
7982
7984
7985
7986
7987
7988
7989
7990
7992
7995
7997
8003
8004
8009
8010
8011
8012
8013
8014
8015
8017
8018
8019
8022
8024
8027
8029
8030
8031
8034
8036
8037
8040
8041
8042
8044
8045
8046
8047
8049
8051
8052
8057
8060
8066
8067
8068
8070
8071
8073
8074
8077
8078
8079
8082
8084
8085
8086
8087
8090
8091
8092
8093
8094
8095
8096
8099
8100
8101
8103
8104
8105
8108
8109
8110
8112
8113
8117
8118
8120
8122
8123
8124
8127
8128
8131
8133
8135
8136
8139
8140
8141
8143
8144
8146
8148
8149
8151
8154
8155
8157
8158
8160
8161
8162
8163
8164
8165
8166
8168
8169
8170
8171
8172
8174
8176
8181
8182
8183
8186
8187
8188
8189
8192
8194
8196
8197
8198
8201
8203
8205
8208
8209
8211
8212
8221
8222
8224
8227
8230
8231
8232
8236
8238
8239
8241
8242
8246
8247
8248
8249
8251
8252
8253
8256
8259
8261
8262
8263
8265
8267
8270
8271
8272
8273
8274
8277
8280
8281
8282
8284
8285
8286
8287
8291
8292
8293
8295
8298
8299
8301
8304
8308
8311
8316
8319
8320
8323
8324
8329
8330
8332
8333
8334
8336
8339
8340
8341
8343
8344
8348
8349
8352
8355
8357
8358
8359
8362
8366
8369
8372
8373
8376
8377
8378
8379
8380
8381
8382
8385
8386
8387
8389
8390
8394
8396
8400
8402
8405
8406
8407
8410
8412
8413
8414
8416
8418
8419
8421
8422
8424
8425
8427
8437
8438
8439
8440
8441
8444
8449
8450
8451
8452
8453
8454
8457
8462
8466
8467
8469
8471
8475
8476
8477
8478
8479
8481
8482
8483
8484
8487
8488
8491
8497
8498
8499
8500
8502
8505
8506
8507
8509
8511
8512
8513
8514
8517
8518
8521
8524
8525
8526
8527
8528
8530
8531
8533
8534
8540
8542
8543
8544
8547
8548
8549
8550
8554
8555
8558
8559
8560
8561
8564
8565
8566
8567
8568
8570
8571
8572
8573
8574
8577
8578
8580
8585
8586
8587
8589
8594
8597
8599
8601
8602
8605
8606
8608
8609
8611
8613
8614
8616
8617
8618
8620
8622
8623
8624
8626
8629
8630
8631
8632
8633
8635
8636
8637
8638
8639
8640
8642
8645
8647
8648
8649
8654
8656
8657
8658
8659
8661
8662
8665
8666
8667
8668
8669
8670
8672
8673
8675
8676
8677
8678
8679
8680
8682
8684
8685
8686
8688
8689
8690
8693
8695
8697
8698
8701
8702
8703
8704
8706
8708
8709
8710
8712
8716
8719
8721
8724
8725
8726
8728
8729
8732
8733
8734
8742
8743
8745
8746
8747
8748
8753
8754
8755
8756
8757
8758
8764
8765
8767
8768
8769
8770
8771
8772
8774
8775
8776
8777
8780
8782
8784
8786
8790
8791
8792
8794
8795
8798
8800
8801
8802
8807
8808
8809
8810
8811
8812
8813
8815
8817
8819
8820
8821
8823
8824
8825
8826
8833
8837
8842
8844
8845
8847
8848
8849
8851
8852
8854
8855
8856
8862
8864
8865
8866
8867
8872
8874
8875
8877
8878
8879
8880
8881
8882
8883
8884
8888
8890
8894
8895
8897
8899
8900
8901
8906
8908
8909
8911
8912
8913
8915
8916
8919
8920
8921
8922
8923
8925
8926
8928
8929
8930
8932
8935
8936
8937
8938
8939
8940
8942
8945
8946
8947
8949
8950
8952
8956
8957
8959
8962
8963
8967
8969
8970
8971