0	t3_805dck	0.0	0
1	t3_801f4d	0.0	0
2	t3_7zerew	1.0	1
5	t3_80edpy	0.0	0
6	t3_7zbjdj	0.0	0
7	t3_7zndgn	0.0	0
8	t3_7zeasb	0.0	0
11	t3_809dk3	0.0	0
12	t3_800kuj	1.0	1
14	t3_7zbvck	0.0	0
15	t3_80ii9a	0.0	0
16	t3_7zegt9	0.0	0
17	t3_7zqsjx	0.0	0
18	t3_7zt2g1	0.0	0
20	t3_7zdsql	0.0	0
21	t3_7zvbu4	0.0	0
22	t3_7zs5ro	0.0	0
23	t3_80o9k5	0.0	0
24	t3_80h6ib	0.0	0
25	t3_7zn2o5	0.0	0
26	t3_7zja76	0.0	0
28	t3_80lk2e	0.0	0
29	t3_80mbe7	0.0	0
30	t3_80b5an	0.0	0
31	t3_7zf342	0.0	0
32	t3_7zfg4s	0.0	0
34	t3_80qbtk	0.0	0
35	t3_7zqmk3	0.0	0
36	t3_80kj6e	1.0	1
37	t3_80wjaa	0.0	0
39	t3_8048mn	0.0	0
40	t3_7zo75b	0.0	0
41	t3_80p2v9	0.0	0
43	t3_7ztr8k	0.0	0
46	t3_7znps1	0.0	0
48	t3_7zgu3c	0.0	0
49	t3_80ww9k	0.0	0
50	t3_803bja	0.0	0
52	t3_7zat2x	0.0	0
54	t3_7zxh4r	0.0	0
55	t3_7zl6eo	0.0	0
56	t3_8090gm	0.0	0
57	t3_80bu9v	0.0	0
58	t3_80dc1b	0.0	0
60	t3_80vlln	0.0	0
61	t3_7zf0sl	0.0	0
63	t3_7zfbfz	0.0	0
64	t3_80a4kv	0.0	0
65	t3_80xh3v	0.0	0
68	t3_7zsfjd	0.0	0
70	t3_80ios4	1.0	1
71	t3_80q4xh	0.0	0
72	t3_801vui	0.0	0
73	t3_804elj	0.0	0
74	t3_80bipk	0.0	0
76	t3_803sg1	0.0	0
77	t3_801ht1	0.0	0
78	t3_80ajcq	0.0	0
79	t3_7ze5z1	0.0	0
80	t3_7zvhmg	0.0	0
82	t3_80vn4i	0.0	0
83	t3_7zcgb4	0.0	0
85	t3_7zqv2p	0.0	0
86	t3_804gg3	0.0	0
87	t3_7zs1qn	1.0	1
88	t3_80qjwr	0.0	0
89	t3_7zffar	0.0	0
91	t3_7zjwsr	0.0	0
92	t3_7zaeon	0.0	0
93	t3_80t4kj	1.0	1
95	t3_8045ck	0.0	0
96	t3_80w9rr	0.0	0
97	t3_7zgz73	0.0	0
99	t3_7zcihs	0.0	0
100	t3_7zwray	0.0	0
101	t3_804fog	0.0	0
102	t3_80d3ci	0.0	0
103	t3_80sw3d	0.0	0
104	t3_80kr6s	0.0	0
105	t3_803zb6	0.0	0
106	t3_801pk4	0.0	0
107	t3_80vozj	0.0	0
108	t3_80oawn	0.0	0
109	t3_7zh5c0	0.0	0
111	t3_7zqw4h	0.0	0
112	t3_7zcrxm	0.0	0
115	t3_7zu2di	0.0	0
116	t3_80fzq5	0.0	0
118	t3_8030kr	0.0	0
119	t3_80nwkf	0.0	0
120	t3_7zd63s	0.0	0
121	t3_80us8f	0.0	0
122	t3_80mb7b	0.0	0
123	t3_80cwq5	1.0	1
124	t3_8014b4	0.0	0
125	t3_7znjod	0.0	0
126	t3_80ym4o	0.0	0
127	t3_7zpwvx	0.0	0
128	t3_7zsnai	0.0	0
129	t3_80cryc	0.0	0
130	t3_7zyln8	0.0	0
132	t3_80u8ig	1.0	1
133	t3_80da2j	0.0	0
134	t3_7ziebs	0.0	0
135	t3_7zb5sd	0.0	0
137	t3_7zxoqv	1.0	1
138	t3_800plz	0.0	0
139	t3_80wgww	0.0	0
140	t3_7zrwr0	0.0	0
141	t3_80cxpu	0.0	0
142	t3_80pi7l	0.0	0
143	t3_7zj04e	0.0	0
144	t3_7zm3t9	0.0	0
145	t3_80lpk1	0.0	0
146	t3_80otsa	0.0	0
148	t3_7znar6	0.0	0
149	t3_7znvlg	0.0	0
151	t3_7zdbw1	0.0	0
152	t3_80osdl	0.0	0
153	t3_7znx07	1.0	1
155	t3_7zl882	0.0	0
156	t3_7zoldv	0.0	0
157	t3_7zcupq	0.0	0
158	t3_804gor	0.0	0
159	t3_80j554	0.0	0
160	t3_80c48h	0.0	0
161	t3_7zm15z	0.0	0
162	t3_80yl6o	0.0	0
163	t3_7zdd9l	0.0	0
164	t3_80r4ki	0.0	0
168	t3_80lvbr	0.0	0
170	t3_801avu	0.0	0
171	t3_80ms5a	0.0	0
172	t3_7zxf3t	0.0	0
173	t3_7zvz2u	0.0	0
174	t3_80qvps	0.0	0
175	t3_80loug	0.0	0
177	t3_7zfnx5	1.0	1
178	t3_7zvb0i	0.0	0
179	t3_7zgjl8	0.0	0
180	t3_80trjg	0.0	0
181	t3_7zhv6t	0.0	0
182	t3_7zlc9n	1.0	1
183	t3_7zwgnd	0.0	0
184	t3_7zdaj2	0.0	0
185	t3_80euzc	1.0	1
186	t3_80emjx	0.0	0
187	t3_7zms13	1.0	1
188	t3_7zj2s8	0.0	0
189	t3_80az43	0.0	0
190	t3_7zi5i9	0.0	0
191	t3_80zxrd	0.0	0
193	t3_807qb2	0.0	0
194	t3_7zo0se	0.0	0
195	t3_80lnsm	0.0	0
196	t3_80nv83	0.0	0
197	t3_80vzoe	0.0	0
198	t3_7zwbgv	0.0	0
199	t3_80cvmj	0.0	0
200	t3_7zqr6w	0.0	0
203	t3_80aaer	0.0	0
205	t3_7zngjf	0.0	0
206	t3_7zwadr	0.0	0
207	t3_7ztpxq	0.0	0
208	t3_7zurya	1.0	1
209	t3_7zeybg	0.0	0
214	t3_80obyn	0.0	0
216	t3_7zn3fd	0.0	0
217	t3_80q6qk	0.0	0
218	t3_80r9fs	0.0	0
219	t3_801n8a	0.0	0
220	t3_80rfs4	1.0	1
221	t3_80eb0m	0.0	0
222	t3_80yxgp	0.0	0
223	t3_80w4vv	0.0	0
224	t3_80f9at	0.0	0
225	t3_7zo378	0.0	0
226	t3_7zoh3w	0.0	0
227	t3_7ztz1b	0.0	0
228	t3_7zou36	0.0	0
229	t3_80a0ca	0.0	0
230	t3_80wy5e	0.0	0
231	t3_80w8v8	0.0	0
232	t3_80yrhm	0.0	0
236	t3_7zk8iz	0.0	0
238	t3_80tbd2	0.0	0
239	t3_7zg8a7	0.0	0
240	t3_7zrzy1	0.0	0
242	t3_80puoh	0.0	0
244	t3_80tg59	1.0	1
245	t3_7zm2cg	1.0	1
246	t3_7zhn8p	0.0	0
247	t3_804f11	0.0	0
249	t3_800z8z	0.0	0
250	t3_803grt	0.0	0
251	t3_80ek1k	0.0	0
253	t3_7zsvf9	0.0	0
254	t3_80h6y3	0.0	0
255	t3_7zorw8	0.0	0
257	t3_7zb8td	0.0	0
258	t3_808c7s	0.0	0
260	t3_80sdeq	0.0	0
262	t3_80fyo1	0.0	0
263	t3_7zauar	0.0	0
265	t3_80xo1d	0.0	0
266	t3_80w1hs	0.0	0
267	t3_80kt9b	0.0	0
268	t3_810grb	0.0	0
270	t3_7zpwy4	0.0	0
272	t3_8025w7	0.0	0
273	t3_80md2o	0.0	0
274	t3_80zpal	0.0	0
275	t3_7zee46	0.0	0
276	t3_7zensj	0.0	0
277	t3_80knuo	0.0	0
278	t3_7zbu1q	0.0	0
280	t3_80pykm	0.0	0
281	t3_7zuajp	0.0	0
282	t3_80c6xh	0.0	0
283	t3_7zyr8f	1.0	1
284	t3_7zn3dq	0.0	0
285	t3_80o0az	0.0	0
286	t3_80ty7f	0.0	0
287	t3_80s1k9	0.0	0
289	t3_7zok4q	0.0	0
291	t3_80t8vp	0.0	0
292	t3_80a29x	1.0	1
294	t3_7zqdrk	0.0	0
296	t3_80vsni	1.0	1
297	t3_80wslg	0.0	0
298	t3_805hb3	0.0	0
300	t3_80sc8l	1.0	1
304	t3_8048eg	0.0	0
305	t3_7zavr0	0.0	0
306	t3_800530	0.0	0
307	t3_80s6qj	1.0	1
309	t3_7zmllx	1.0	1
310	t3_80m82g	0.0	0
311	t3_80mub6	0.0	0
313	t3_80cgg2	0.0	0
314	t3_7zyj66	0.0	0
316	t3_7ztynt	0.0	0
317	t3_7zeg4k	0.0	0
318	t3_80tm5g	0.0	0
320	t3_7znwvm	0.0	0
321	t3_7zpbl3	0.0	0
322	t3_80mqgf	0.0	0
324	t3_7zoc7h	0.0	0
325	t3_7znbh5	1.0	1
327	t3_80eyw8	1.0	1
330	t3_7zol9w	1.0	1
331	t3_7zrcs6	0.0	0
333	t3_7zn6sb	0.0	0
334	t3_805w5c	0.0	0
336	t3_7zmbqz	1.0	1
337	t3_7zakmq	0.0	0
340	t3_80rtsb	0.0	0
343	t3_7zxhxs	0.0	0
344	t3_80xlzy	0.0	0
345	t3_80kayv	0.0	0
348	t3_800pax	0.0	0
349	t3_80xk4n	1.0	1
350	t3_80evh7	0.0	0
351	t3_807at5	0.0	0
352	t3_803jzi	0.0	0
355	t3_7zubmc	0.0	0
356	t3_80v6b0	0.0	0
357	t3_7zrjg2	1.0	1
358	t3_80blvc	0.0	0
360	t3_7zfcf3	0.0	0
361	t3_80mtsr	0.0	0
362	t3_7zmski	0.0	0
364	t3_7zwmn3	0.0	0
365	t3_808v7q	0.0	0
368	t3_80uyhx	0.0	0
369	t3_7zcsd2	0.0	0
371	t3_808ved	0.0	0
372	t3_80mmfe	0.0	0
373	t3_80hly1	0.0	0
375	t3_80lkw1	1.0	1
376	t3_7zdkdf	0.0	0
377	t3_7zmxov	0.0	0
378	t3_80fskw	0.0	0
380	t3_80dchp	0.0	0
382	t3_80ktoc	0.0	0
383	t3_8063qu	0.0	0
386	t3_80s50r	1.0	1
387	t3_7zmav0	0.0	0
388	t3_7zc1zo	0.0	0
389	t3_7zms4s	0.0	0
390	t3_7zw3o4	0.0	0
391	t3_80xl0d	0.0	0
393	t3_807ily	1.0	1
395	t3_80d62u	0.0	0
398	t3_80s21k	0.0	0
399	t3_7zb1e2	0.0	0
400	t3_80769u	0.0	0
401	t3_80xpub	0.0	0
403	t3_7zjdb1	1.0	1
404	t3_7zaha7	0.0	0
405	t3_80coog	1.0	1
406	t3_80al8g	1.0	1
407	t3_7zb89u	0.0	0
408	t3_7zt2t2	0.0	0
409	t3_7zrug4	0.0	0
410	t3_810v8n	0.0	0
412	t3_7zfb6g	0.0	0
413	t3_7zmt2h	0.0	0
414	t3_7zjs5t	0.0	0
415	t3_7zmc6w	0.0	0
416	t3_80k83y	0.0	0
417	t3_804ymw	0.0	0
418	t3_7zixwh	0.0	0
420	t3_7zvjap	1.0	1
421	t3_7zet7a	1.0	1
426	t3_80uk2d	1.0	1
427	t3_80v2tx	0.0	0
429	t3_7zcs3e	0.0	0
431	t3_7znf3z	1.0	1
432	t3_80a9hf	0.0	0
433	t3_7zyus0	0.0	0
434	t3_7zuqup	0.0	0
437	t3_7zjnw8	1.0	1
438	t3_80egp0	0.0	0
439	t3_7zhe9o	0.0	0
441	t3_80nugy	0.0	0
442	t3_804chn	0.0	0
443	t3_7zlyw3	1.0	1
444	t3_80uzyd	1.0	1
445	t3_7ztgeh	0.0	0
447	t3_7znztg	0.0	0
448	t3_80uadz	1.0	1
449	t3_80cjym	0.0	0
450	t3_7zazg2	0.0	0
452	t3_80q642	0.0	0
455	t3_7zw9ua	0.0	0
457	t3_80cyps	0.0	0
458	t3_80791c	0.0	0
460	t3_7zn23h	0.0	0
461	t3_8011cq	0.0	0
462	t3_803nr8	0.0	0
463	t3_7zs1fa	0.0	0
467	t3_80lbfy	0.0	0
468	t3_80k8b7	0.0	0
469	t3_805rjc	0.0	0
470	t3_80vwv4	0.0	0
472	t3_7zfr4z	0.0	0
473	t3_7zfb2l	0.0	0
474	t3_7zdx7o	0.0	0
475	t3_7zyaae	0.0	0
476	t3_80cisl	0.0	0
477	t3_807baj	0.0	0
478	t3_7ze0ff	1.0	1
479	t3_7zsjmc	1.0	1
480	t3_80kqio	0.0	0
482	t3_7zfpi1	0.0	0
483	t3_7zg00r	0.0	0
485	t3_80kjfu	0.0	0
487	t3_7zy7oo	0.0	0
488	t3_80ja99	0.0	0
490	t3_80hh4n	0.0	0
492	t3_7zf667	0.0	0
494	t3_80nmee	0.0	0
495	t3_8049xw	0.0	0
496	t3_80lxt9	0.0	0
498	t3_80tyyh	0.0	0
499	t3_80vlwh	1.0	1
500	t3_804rz1	0.0	0
502	t3_80ze73	0.0	0
503	t3_7ztahl	0.0	0
504	t3_7znn7o	1.0	1
506	t3_80v8kl	1.0	1
509	t3_80vy3i	1.0	1
510	t3_7zgw46	1.0	1
512	t3_7zprf7	0.0	0
514	t3_801cjt	1.0	1
516	t3_80efpt	0.0	0
517	t3_7zxtyn	0.0	0
518	t3_80q1mz	0.0	0
519	t3_80l1s2	0.0	0
521	t3_80kne1	1.0	1
522	t3_7zbrnf	0.0	0
523	t3_80n9do	0.0	0
524	t3_808dwk	0.0	0
525	t3_803hje	0.0	0
527	t3_803zfk	0.0	0
528	t3_80kfti	1.0	1
529	t3_8095ju	0.0	0
531	t3_80mpsm	0.0	0
532	t3_810c1u	0.0	0
533	t3_80paau	1.0	1
536	t3_803f6r	1.0	1
537	t3_806wv0	0.0	0
538	t3_80gqn8	0.0	0
540	t3_7zqon9	0.0	0
541	t3_80p61z	0.0	0
543	t3_7znush	1.0	1
544	t3_7zwz59	0.0	0
545	t3_7zhkap	0.0	0
546	t3_7zvgkf	1.0	1
547	t3_7zlbx4	1.0	1
548	t3_7zgpgy	0.0	0
549	t3_80ndoo	0.0	0
550	t3_80px03	1.0	1
551	t3_7zpj5d	1.0	1
552	t3_80o1jr	1.0	1
553	t3_80p0g3	0.0	0
554	t3_8021cc	0.0	0
555	t3_80ttbs	1.0	1
556	t3_806kr2	0.0	0
557	t3_80md33	0.0	0
558	t3_80wh9w	0.0	0
559	t3_80pci1	0.0	0
561	t3_7zpfzl	1.0	1
562	t3_80c4p7	0.0	0
563	t3_80dilr	0.0	0
565	t3_8103f9	0.0	0
566	t3_80gugv	0.0	0
570	t3_810vc6	0.0	0
571	t3_80fkf2	0.0	0
573	t3_8090a5	0.0	0
574	t3_809b41	0.0	0
575	t3_80uhem	0.0	0
578	t3_80q8os	0.0	0
579	t3_80om7w	0.0	0
580	t3_80ujyz	0.0	0
581	t3_7zitsf	0.0	0
582	t3_8042dt	0.0	0
583	t3_80niwe	0.0	0
585	t3_80fufs	1.0	1
586	t3_7zdb8w	1.0	1
588	t3_80teoa	0.0	0
589	t3_810kmb	1.0	1
590	t3_80epr2	0.0	0
591	t3_7zf03v	1.0	1
592	t3_7zdt7j	1.0	1
593	t3_80pmeq	1.0	1
594	t3_7znd55	0.0	0
598	t3_80enji	0.0	0
599	t3_802cqe	0.0	0
600	t3_7ze6qr	0.0	0
601	t3_80p7ta	0.0	0
605	t3_7zs5g9	0.0	0
606	t3_80qyfm	0.0	0
607	t3_80cyca	0.0	0
608	t3_80gp0v	0.0	0
609	t3_80yss0	0.0	0
610	t3_7zus8v	0.0	0
612	t3_80lnb8	1.0	1
613	t3_7zfl0a	1.0	1
614	t3_7zj59u	0.0	0
616	t3_7zxest	0.0	0
617	t3_7zthoc	0.0	0
619	t3_7zxno2	0.0	0
620	t3_7zc0ur	0.0	0
622	t3_80fud3	0.0	0
624	t3_7zrlvc	1.0	1
625	t3_7zm1ps	0.0	0
626	t3_80law5	1.0	1
627	t3_80swsx	0.0	0
629	t3_80hl4v	0.0	0
631	t3_7zdukb	1.0	1
632	t3_80v0qn	0.0	0
633	t3_80vn9o	1.0	1
635	t3_7zxddx	1.0	1
637	t3_7zyjg1	0.0	0
638	t3_7zvrg7	0.0	0
639	t3_80d92l	0.0	0
640	t3_80a7jc	0.0	0
641	t3_7zdzwx	0.0	0
643	t3_7zz2m7	0.0	0
646	t3_7zll3h	0.0	0
647	t3_80i356	0.0	0
648	t3_7zgwfk	0.0	0
649	t3_80nvl6	0.0	0
650	t3_802nve	0.0	0
652	t3_7zq0e3	1.0	1
654	t3_805c5x	0.0	0
657	t3_7zu7or	0.0	0
658	t3_80wnxd	0.0	0
659	t3_7zwtos	0.0	0
660	t3_7zwme5	0.0	0
661	t3_80v3u4	1.0	1
663	t3_806uko	1.0	1
664	t3_7zykxd	0.0	0
665	t3_80qmbf	0.0	0
666	t3_7zpurg	0.0	0
669	t3_7zl9zr	1.0	1
670	t3_80qa88	0.0	0
671	t3_802icz	0.0	0
674	t3_7zpb3j	0.0	0
675	t3_7zzh60	0.0	0
676	t3_80ao9t	0.0	0
677	t3_80cnx4	0.0	0
678	t3_80e8jc	0.0	0
679	t3_803pki	0.0	0
682	t3_800rlq	0.0	0
683	t3_7zf92e	0.0	0
684	t3_810s4h	0.0	0
688	t3_7zerhi	0.0	0
689	t3_7zw4zn	0.0	0
690	t3_7zh02i	1.0	1
691	t3_80qsc5	0.0	0
692	t3_80ygid	0.0	0
693	t3_7zfvpk	0.0	0
695	t3_80bn36	1.0	1
698	t3_7zswc8	0.0	0
699	t3_7zka8e	1.0	1
704	t3_80phcb	0.0	0
705	t3_802n1q	0.0	0
707	t3_808jn0	0.0	0
708	t3_7zf454	1.0	1
709	t3_7zktfo	1.0	1
710	t3_80kbar	0.0	0
711	t3_804j0p	1.0	1
712	t3_80llu4	1.0	1
713	t3_7zdt5r	0.0	0
715	t3_807xqo	0.0	0
717	t3_7zvtlj	0.0	0
718	t3_7zf9cg	1.0	1
719	t3_80g8hl	0.0	0
720	t3_7zsjxn	1.0	1
721	t3_803p7w	1.0	1
722	t3_80uhlo	0.0	0
726	t3_80tgrh	1.0	1
727	t3_80gpau	0.0	0
728	t3_80i3or	0.0	0
729	t3_7zvzkv	1.0	1
730	t3_80yg8z	0.0	0
731	t3_7zpdox	0.0	0
732	t3_7zpj3w	1.0	1
733	t3_7zoyu7	0.0	0
735	t3_7znk13	1.0	1
737	t3_7zfn9q	0.0	0
738	t3_80dr8k	0.0	0
739	t3_806akl	1.0	1
740	t3_7zpfhk	0.0	0
741	t3_80y35v	0.0	0
742	t3_7zevk3	0.0	0
743	t3_7zcsic	1.0	1
747	t3_80mrjl	0.0	0
748	t3_808rdt	1.0	1
749	t3_80fa5j	0.0	0
750	t3_7zn9an	1.0	1
752	t3_80f83p	0.0	0
756	t3_80c9bp	0.0	0
757	t3_7ztwa9	0.0	0
758	t3_80zj0r	0.0	0
759	t3_800noo	0.0	0
761	t3_7zbjcl	0.0	0
762	t3_80ntb9	0.0	0
765	t3_7zhzay	1.0	1
766	t3_80wqc9	0.0	0
768	t3_80vjbh	0.0	0
771	t3_8058fr	1.0	1
772	t3_7zw4xu	0.0	0
773	t3_7zy846	0.0	0
774	t3_80zzdx	0.0	0
775	t3_80kfco	0.0	0
776	t3_7zn4bd	0.0	0
778	t3_7zlwl6	1.0	1
781	t3_80yw3h	1.0	1
784	t3_80kcjx	1.0	1
786	t3_7zyqo7	1.0	1
787	t3_80mlqz	1.0	1
790	t3_80dokd	0.0	0
791	t3_7zvixo	1.0	1
792	t3_802rfy	0.0	0
793	t3_7zy32n	1.0	1
794	t3_80yenb	0.0	0
795	t3_801tin	0.0	0
797	t3_80u7jo	1.0	1
798	t3_7zebyi	0.0	0
800	t3_80lauz	1.0	1
803	t3_80vmu6	1.0	1
804	t3_80vmer	0.0	0
805	t3_80wdix	1.0	1
807	t3_804c1i	0.0	0
808	t3_7zareu	1.0	1
809	t3_7zvjev	1.0	1
810	t3_80dh0k	0.0	0
812	t3_80wanx	1.0	1
813	t3_801809	0.0	0
814	t3_7zva3d	0.0	0
815	t3_8049q4	0.0	0
816	t3_80wb90	0.0	0
817	t3_7ztbs3	1.0	1
818	t3_801pm4	0.0	0
819	t3_7zebso	1.0	1
820	t3_802rp9	0.0	0
822	t3_7zb3gv	1.0	1
823	t3_804gbd	1.0	1
824	t3_7zxbjm	0.0	0
825	t3_80ynap	1.0	1
826	t3_7zp86e	0.0	0
827	t3_80veex	1.0	1
828	t3_80vpc3	1.0	1
829	t3_80lubu	0.0	0
830	t3_809uzn	0.0	0
831	t3_80l3vm	1.0	1
832	t3_80mv7a	1.0	1
836	t3_80x7h4	0.0	0
839	t3_7zqh8v	1.0	1
840	t3_7zfqxy	1.0	1
841	t3_7zutmf	1.0	1
843	t3_80t7e6	0.0	0
844	t3_7zefvx	0.0	0
845	t3_7zr56l	1.0	1
846	t3_7zrfvl	0.0	0
847	t3_7zsxmq	0.0	0
848	t3_80c32b	0.0	0
851	t3_80dqbc	0.0	0
852	t3_7zcvdi	0.0	0
853	t3_7zubr4	0.0	0
854	t3_80ea8z	0.0	0
855	t3_7zu6p0	0.0	0
856	t3_80qozq	0.0	0
857	t3_7znd6l	1.0	1
858	t3_80lpig	0.0	0
860	t3_80y796	0.0	0
861	t3_80yo8j	1.0	1
862	t3_7ze4h0	0.0	0
863	t3_7zo1of	0.0	0
865	t3_80eei9	0.0	0
866	t3_80s1c5	0.0	0
867	t3_7zr709	1.0	1
868	t3_8042o0	0.0	0
869	t3_801ywp	0.0	0
871	t3_7zv4d0	1.0	1
873	t3_80cqnd	0.0	0
875	t3_804uwf	1.0	1
877	t3_80voln	0.0	0
879	t3_80emhy	1.0	1
880	t3_80ky3f	0.0	0
882	t3_7zsxn6	0.0	0
883	t3_80hrik	0.0	0
884	t3_80fuwi	0.0	0
888	t3_80qkvy	0.0	0
889	t3_803v7u	1.0	1
890	t3_80e32o	1.0	1
891	t3_80v0zv	0.0	0
892	t3_80l869	1.0	1
893	t3_80noem	0.0	0
894	t3_7zk50m	1.0	1
896	t3_80nwmg	0.0	0
897	t3_7zdos3	1.0	1
898	t3_809o55	0.0	0
899	t3_80ut3m	0.0	0
901	t3_8093sv	1.0	1
902	t3_809gvj	1.0	1
903	t3_7zp93x	0.0	0
906	t3_80r5pg	1.0	1
907	t3_80ml2g	1.0	1
911	t3_80uebt	1.0	1
912	t3_7zepio	0.0	0
913	t3_80m3h3	0.0	0
915	t3_80lfz3	0.0	0
917	t3_7zquai	0.0	0
918	t3_7znjgi	1.0	1
920	t3_7zws47	1.0	1
921	t3_808a3k	0.0	0
922	t3_7zdvag	0.0	0
924	t3_80cxek	0.0	0
925	t3_7zcr81	1.0	1
926	t3_7zsngo	1.0	1
927	t3_7zl9ab	1.0	1
930	t3_7zhmar	0.0	0
933	t3_80pfmf	0.0	0
934	t3_7zlnc1	1.0	1
935	t3_800rrt	0.0	0
936	t3_7zr889	0.0	0
938	t3_80bw4j	1.0	1
940	t3_80fnjn	0.0	0
942	t3_80le0a	1.0	1
943	t3_7zxibm	1.0	1
945	t3_7zd22a	1.0	1
946	t3_7zmw5u	0.0	0
947	t3_80gp9f	0.0	0
949	t3_802tzi	0.0	0
950	t3_80e7t8	0.0	0
951	t3_80jw5d	0.0	0
953	t3_80lqsh	1.0	1
954	t3_7zxvt2	1.0	1
955	t3_7zq9qd	0.0	0
956	t3_7zepeo	1.0	1
957	t3_7zs49s	0.0	0
959	t3_80n3rl	1.0	1
960	t3_7zd3yi	0.0	0
961	t3_80vr1u	0.0	0
962	t3_7zdl2x	1.0	1
963	t3_80j837	0.0	0
964	t3_7zogux	0.0	0
965	t3_80u09f	0.0	0
967	t3_7zllvb	0.0	0
968	t3_810s51	0.0	0
971	t3_80kp4z	1.0	1
972	t3_7zdv09	0.0	0
974	t3_80w8ba	1.0	1
976	t3_7zvfkp	1.0	1
977	t3_80pn4w	0.0	0
979	t3_80x6yz	1.0	1
981	t3_7zof3w	1.0	1
982	t3_80vtnv	1.0	1
983	t3_80l92v	0.0	0
984	t3_7zbrdz	0.0	0
986	t3_7zeuxh	0.0	0
987	t3_80zqzk	0.0	0
988	t3_80klah	1.0	1
990	t3_80y1d4	1.0	1
992	t3_80pi51	0.0	0
993	t3_80uws8	1.0	1
994	t3_7zmij4	0.0	0
995	t3_7zcaox	1.0	1
996	t3_80kf1t	1.0	1
997	t3_80r6mr	0.0	0
998	t3_7zyjdm	0.0	0
1002	t3_80dx9u	1.0	1
1005	t3_80d83i	1.0	1
1007	t3_80x10c	1.0	1
1008	t3_80u0uk	1.0	1
1010	t3_80quvu	1.0	1
1012	t3_7zlx6f	1.0	1
1013	t3_7zrncr	1.0	1
1014	t3_7zmogx	0.0	0
1015	t3_80qy5v	0.0	0
1016	t3_80zw1o	0.0	0
1017	t3_80av5g	0.0	0
1018	t3_80u8hd	0.0	0
1019	t3_809kf7	0.0	0
1021	t3_8089a7	0.0	0
1022	t3_80asmk	1.0	1
1023	t3_7zmjg4	0.0	0
1026	t3_80lsxg	0.0	0
1027	t3_80m48u	0.0	0
1028	t3_7zz2re	0.0	0
1030	t3_80vsf2	1.0	1
1031	t3_80s3u1	0.0	0
1032	t3_80lej3	1.0	1
1033	t3_80u1xo	0.0	0
1035	t3_80mhnk	0.0	0
1036	t3_80c5hm	0.0	0
1037	t3_7ze08j	1.0	1
1039	t3_80b79t	1.0	1
1040	t3_7ztjh3	0.0	0
1041	t3_80mpxg	1.0	1
1042	t3_80m65e	1.0	1
1044	t3_7zth9h	1.0	1
1046	t3_7zmv66	0.0	0
1047	t3_804wzw	0.0	0
1048	t3_80wtcq	1.0	1
1050	t3_7zsbu5	0.0	0
1052	t3_80vpr5	0.0	0
1054	t3_7zr2fa	0.0	0
1055	t3_80p22v	1.0	1
1056	t3_80unfu	0.0	0
1057	t3_80bxrw	0.0	0
1058	t3_7zd569	1.0	1
1059	t3_810e0u	0.0	0
1060	t3_80c0vc	1.0	1
1061	t3_80eicv	1.0	1
1062	t3_7zj9ub	0.0	0
1063	t3_7zbxqp	0.0	0
1064	t3_80fg90	1.0	1
1066	t3_80g4sr	1.0	1
1069	t3_7ze6b0	0.0	0
1074	t3_80b7oi	1.0	1
1075	t3_7zo959	0.0	0
1076	t3_80v2in	1.0	1
1077	t3_7zdwdh	0.0	0
1078	t3_810ow0	1.0	1
1080	t3_80pzmu	1.0	1
1081	t3_8073sz	0.0	0
1082	t3_80quss	0.0	0
1083	t3_7zkbto	1.0	1
1084	t3_80saza	1.0	1
1085	t3_804e7t	0.0	0
1087	t3_80m0yk	0.0	0
1088	t3_80kwyw	0.0	0
1090	t3_7zf437	1.0	1
1091	t3_7zx461	1.0	1
1092	t3_80v4ja	1.0	1
1094	t3_80y2dl	1.0	1
1096	t3_7zg8la	0.0	0
1098	t3_80jmqs	0.0	0
1099	t3_80fa5f	1.0	1
1101	t3_7zdw3n	0.0	0
1103	t3_80uyff	1.0	1
1104	t3_7zyw02	0.0	0
1106	t3_80bert	1.0	1
1107	t3_80kjad	1.0	1
1108	t3_7znphh	1.0	1
1109	t3_80h7z1	0.0	0
1110	t3_7zhqs4	0.0	0
1113	t3_80s26b	1.0	1
1115	t3_80w3ew	1.0	1
1116	t3_80vniz	1.0	1
1119	t3_80h0nm	1.0	1
1120	t3_7zhu4n	0.0	0
1122	t3_806344	1.0	1
1123	t3_805jqa	1.0	1
1124	t3_7zjczn	0.0	0
1125	t3_80gfcs	1.0	1
1126	t3_7zpq6w	1.0	1
1127	t3_80ucjv	0.0	0
1128	t3_806bsj	1.0	1
1129	t3_80w52h	0.0	0
1130	t3_80x2uf	0.0	0
1133	t3_80orox	0.0	0
1134	t3_80wa50	0.0	0
1136	t3_80soil	1.0	1
1137	t3_803n5s	0.0	0
1141	t3_80fopj	1.0	1
1144	t3_80boln	0.0	0
1145	t3_7zjqao	0.0	0
1147	t3_7zc41c	0.0	0
1149	t3_7zka6f	1.0	1
1150	t3_7zp1zm	0.0	0
1151	t3_7zyu56	1.0	1
1153	t3_80ie06	0.0	0
1154	t3_7zfa0y	1.0	1
1155	t3_80j3fi	0.0	0
1157	t3_80gq2d	1.0	1
1158	t3_7ze8y9	1.0	1
1159	t3_80f1vk	0.0	0
1160	t3_80mbng	1.0	1
1161	t3_803k07	0.0	0
1162	t3_80utvi	1.0	1
1163	t3_7zgt3w	0.0	0
1164	t3_7zkzrp	0.0	0
1168	t3_7zmpnf	0.0	0
1169	t3_804ft6	0.0	0
1170	t3_7zp1w6	0.0	0
1171	t3_80825r	1.0	1
1172	t3_7ze5yn	0.0	0
1174	t3_80olez	0.0	0
1175	t3_801toh	0.0	0
1176	t3_80nlk9	1.0	1
1180	t3_7zkbdo	1.0	1
1182	t3_7zzns3	1.0	1
1183	t3_80mcz0	0.0	0
1184	t3_801vgx	0.0	0
1185	t3_80kdbp	1.0	1
1186	t3_802sle	0.0	0
1187	t3_80kazg	1.0	1
1188	t3_80lrv7	1.0	1
1189	t3_7ze2ug	0.0	0
1193	t3_7zog4a	1.0	1
1195	t3_7zgvna	0.0	0
1196	t3_80h0dq	0.0	0
1198	t3_80vyvi	0.0	0
1200	t3_80lufy	0.0	0
1201	t3_7ztivy	0.0	0
1202	t3_80q54y	0.0	0
1203	t3_80cucm	0.0	0
1204	t3_80b4hh	1.0	1
1205	t3_7zw9jo	0.0	0
1206	t3_80f4sz	0.0	0
1207	t3_7znosh	0.0	0
1208	t3_80ba1t	1.0	1
1210	t3_80fdg3	1.0	1
1211	t3_80eepp	0.0	0
1212	t3_7zjybc	0.0	0
1213	t3_80ha9v	0.0	0
1215	t3_80bm9b	1.0	1
1216	t3_80ls6x	0.0	0
1217	t3_80pydc	0.0	0
1218	t3_7zy6cw	1.0	1
1219	t3_80r3e9	1.0	1
1220	t3_80hh89	1.0	1
1221	t3_7zudx0	0.0	0
1222	t3_80bb1e	0.0	0
1223	t3_7zyt1l	1.0	1
1226	t3_80m6jy	0.0	0
1227	t3_7zx4e4	0.0	0
1228	t3_7zddlt	1.0	1
1229	t3_80m3pq	1.0	1
1230	t3_80vsl6	0.0	0
1232	t3_80usej	0.0	0
1233	t3_7znrin	0.0	0
1234	t3_7zo71r	0.0	0
1235	t3_80acg1	1.0	1
1237	t3_80v9m3	0.0	0
1238	t3_803hpp	0.0	0
1239	t3_804htc	1.0	1
1240	t3_804w33	0.0	0
1241	t3_7zrz2l	1.0	1
1242	t3_7zfv9u	1.0	1
1243	t3_80u22n	1.0	1
1244	t3_7zoh79	0.0	0
1245	t3_7zjus5	0.0	0
1246	t3_80l6w1	1.0	1
1247	t3_7zf0o8	1.0	1
1248	t3_7zrth6	1.0	1
1249	t3_80nopb	0.0	0
1250	t3_80yiot	0.0	0
1251	t3_80d9lh	0.0	0
1252	t3_7zn6m8	1.0	1
1253	t3_803tcx	0.0	0
1254	t3_7zypyr	0.0	0
1255	t3_80pnoy	0.0	0
1256	t3_80o5xv	1.0	1
1257	t3_809wd6	1.0	1
1260	t3_7zcxsi	0.0	0
1264	t3_80k3to	0.0	0
1265	t3_80cbzr	1.0	1
1266	t3_803d5m	0.0	0
1267	t3_80etih	1.0	1
1269	t3_80h9g8	1.0	1
1270	t3_802x0p	0.0	0
1272	t3_80v0zc	1.0	1
1273	t3_80rgh2	1.0	1
1275	t3_7zazdm	0.0	0
1278	t3_80o1ay	0.0	0
1279	t3_80uv37	0.0	0
1280	t3_7zcmjv	0.0	0
1281	t3_7zfcug	0.0	0
1283	t3_7zwqez	0.0	0
1284	t3_80yh17	1.0	1
1285	t3_80a0pb	0.0	0
1287	t3_80xmoh	0.0	0
1288	t3_8083o8	1.0	1
1289	t3_804ve3	0.0	0
1292	t3_80s81j	1.0	1
1293	t3_7zrkbt	0.0	0
1294	t3_80juwc	1.0	1
1295	t3_7zm5v2	0.0	0
1296	t3_7znnj5	1.0	1
1298	t3_7zuvj1	0.0	0
1299	t3_7zn81a	1.0	1
1300	t3_80qvkz	0.0	0
1301	t3_80brk9	1.0	1
1302	t3_7zpjf4	0.0	0
1303	t3_80pyf9	0.0	0
1307	t3_7zq7jb	0.0	0
1308	t3_8074vf	0.0	0
1310	t3_7zokj1	0.0	0
1311	t3_80ixfx	0.0	0
1314	t3_80942e	1.0	1
1319	t3_80szj6	1.0	1
1320	t3_7zfb7w	0.0	0
1325	t3_7zsd8h	1.0	1
1326	t3_80m4ul	0.0	0
1327	t3_80faic	0.0	0
1328	t3_7zxmjj	1.0	1
1329	t3_7zd526	1.0	1
1330	t3_80efpm	0.0	0
1332	t3_80w03k	1.0	1
1333	t3_8058y5	1.0	1
1334	t3_7zsf36	0.0	0
1335	t3_7zi23d	1.0	1
1338	t3_7zv9kk	0.0	0
1339	t3_7zc01l	0.0	0
1340	t3_80p1px	0.0	0
1341	t3_80fuab	0.0	0
1342	t3_80x9hl	0.0	0
1344	t3_7zoli8	1.0	1
1345	t3_810b1c	0.0	0
1346	t3_80a0t1	0.0	0
1347	t3_806a85	0.0	0
1348	t3_7zce8l	1.0	1
1352	t3_7zjmsq	0.0	0
1355	t3_807vgn	1.0	1
1356	t3_80iuvo	0.0	0
1357	t3_80u5qo	0.0	0
1358	t3_80v2m2	1.0	1
1359	t3_80ece5	0.0	0
1360	t3_80dqy4	1.0	1
1361	t3_80ie90	1.0	1
1363	t3_7zun05	0.0	0
1364	t3_80uxkn	1.0	1
1365	t3_80kcbd	1.0	1
1367	t3_7zmz2i	1.0	1
1368	t3_7zuuau	0.0	0
1370	t3_80v5dp	0.0	0
1371	t3_80cu5x	0.0	0
1374	t3_80b8f2	1.0	1
1375	t3_80zgpu	1.0	1
1377	t3_7zgzv9	1.0	1
1378	t3_7zgzvt	1.0	1
1379	t3_80tj5f	1.0	1
1381	t3_7zzj2a	1.0	1
1382	t3_80ee05	0.0	0
1383	t3_80c33n	1.0	1
1384	t3_804qj0	0.0	0
1385	t3_807n7m	0.0	0
1386	t3_80g5fm	1.0	1
1387	t3_80tzww	1.0	1
1388	t3_80suur	1.0	1
1389	t3_7znfxy	0.0	0
1390	t3_80vgm3	0.0	0
1391	t3_80ym06	0.0	0
1392	t3_80jbz4	1.0	1
1393	t3_7zjmvp	1.0	1
1395	t3_80jvaj	0.0	0
1396	t3_80o9pc	0.0	0
1399	t3_80kgoz	1.0	1
1400	t3_8086na	1.0	1
1401	t3_7zv2do	1.0	1
1402	t3_8061pm	0.0	0
1403	t3_7zmrc3	0.0	0
1405	t3_7zrxbq	0.0	0
1406	t3_80vq42	1.0	1
1407	t3_80uv2o	1.0	1
1408	t3_7zqe2k	0.0	0
1409	t3_7zdnc5	0.0	0
1410	t3_7zt4jt	0.0	0
1411	t3_80ce8j	1.0	1
1413	t3_80me8o	0.0	0
1414	t3_80rqb4	0.0	0
1415	t3_80r2tu	0.0	0
1417	t3_80ilsu	0.0	0
1418	t3_7zdmsj	0.0	0
1419	t3_80qa3g	0.0	0
1421	t3_8001jy	0.0	0
1423	t3_7zm942	1.0	1
1425	t3_7znin3	1.0	1
1427	t3_7zyybt	1.0	1
1428	t3_80ogdg	0.0	0
1429	t3_7zt2gn	1.0	1
1430	t3_80cj4x	1.0	1
1431	t3_805fhs	0.0	0
1432	t3_809xri	1.0	1
1433	t3_808fwo	0.0	0
1434	t3_80ezxh	1.0	1
1436	t3_80uksi	0.0	0
1437	t3_7zfg1z	0.0	0
1438	t3_7zvwoj	0.0	0
1439	t3_80snog	0.0	0
1440	t3_80wygl	0.0	0
1442	t3_7ztm1e	1.0	1
1443	t3_804sje	0.0	0
1446	t3_80bpbh	0.0	0
1448	t3_7zn7in	1.0	1
1449	t3_7zlgmt	0.0	0
1450	t3_7zyiud	0.0	0
1451	t3_80qofi	0.0	0
1452	t3_80w7tw	0.0	0
1455	t3_80drsg	0.0	0
1456	t3_7zw2pw	0.0	0
1458	t3_8101z6	0.0	0
1460	t3_8071cy	1.0	1
1461	t3_80k4au	1.0	1
1463	t3_80btw1	0.0	0
1464	t3_80oxua	0.0	0
1467	t3_7zn0xd	0.0	0
1468	t3_80a5kt	0.0	0
1471	t3_802i3g	0.0	0
1473	t3_80eoel	0.0	0
1474	t3_80lkz4	0.0	0
1475	t3_80ligy	1.0	1
1476	t3_7zn1xr	1.0	1
1478	t3_80xu77	1.0	1
1479	t3_803312	0.0	0
1480	t3_80mu69	1.0	1
1481	t3_80srce	0.0	0
1482	t3_7zz2jn	1.0	1
1483	t3_7zy9i3	1.0	1
1484	t3_80zwiu	0.0	0
1486	t3_80l1hp	0.0	0
1487	t3_7zgnqk	0.0	0
1488	t3_803rnw	0.0	0
1490	t3_80gu59	1.0	1
1491	t3_7zxfrt	1.0	1
1492	t3_80qmu2	1.0	1
1493	t3_7zxojy	0.0	0
1495	t3_7zehf2	1.0	1
1496	t3_7zzva2	1.0	1
1499	t3_80lp8c	1.0	1
1500	t3_80s51p	0.0	0
1501	t3_80xrf6	0.0	0
1502	t3_7zg1hw	0.0	0
1504	t3_80gzk6	0.0	0
1505	t3_80klhh	0.0	0
1506	t3_7zo6bx	0.0	0
1507	t3_7zgchd	1.0	1
1509	t3_80gw3o	1.0	1
1511	t3_7zy551	0.0	0
1512	t3_7zrm82	0.0	0
1513	t3_80c5py	1.0	1
1514	t3_80x0ac	0.0	0
1515	t3_80ojbt	1.0	1
1517	t3_805au0	1.0	1
1518	t3_7ztd6b	0.0	0
1519	t3_80cr1l	0.0	0
1520	t3_80mb2x	0.0	0
1521	t3_802s5j	0.0	0
1522	t3_7zi531	0.0	0
1524	t3_8024es	0.0	0
1525	t3_8013nz	1.0	1
1527	t3_80vfcc	0.0	0
1528	t3_80awxy	1.0	1
1529	t3_8041wp	0.0	0
1531	t3_80wann	0.0	0
1532	t3_80dsqk	0.0	0
1535	t3_80671h	0.0	0
1536	t3_805r7v	1.0	1
1538	t3_7zjb4q	0.0	0
1539	t3_80ca2e	1.0	1
1541	t3_80lk1a	1.0	1
1542	t3_7zb33x	0.0	0
1543	t3_7zgk61	1.0	1
1545	t3_806mio	0.0	0
1547	t3_7zi7r0	1.0	1
1548	t3_8090ro	0.0	0
1549	t3_80w0ae	0.0	0
1551	t3_80wn1v	1.0	1
1552	t3_7zgz22	0.0	0
1553	t3_80m8e8	1.0	1
1554	t3_7zgsoe	0.0	0
1556	t3_809u5r	1.0	1
1558	t3_80jo38	1.0	1
1561	t3_80rn9j	0.0	0
1564	t3_7zxlwn	1.0	1
1565	t3_80of0p	1.0	1
1566	t3_7zxl24	0.0	0
1567	t3_803o3d	1.0	1
1568	t3_80742m	1.0	1
1569	t3_7zm3qs	0.0	0
1570	t3_7zocsb	0.0	0
1571	t3_80k4oh	0.0	0
1573	t3_80h98s	0.0	0
1574	t3_805kqm	1.0	1
1575	t3_7zgtti	0.0	0
1576	t3_80t4q3	1.0	1
1577	t3_7zwthj	0.0	0
1579	t3_806m0h	1.0	1
1581	t3_7zwhsk	1.0	1
1582	t3_80xn1c	1.0	1
1583	t3_7ztu9i	1.0	1
1584	t3_80pmq5	0.0	0
1585	t3_7zlwji	0.0	0
1586	t3_7zqmzl	0.0	0
1587	t3_7zk83b	1.0	1
1590	t3_7zs5wx	1.0	1
1591	t3_80jnww	0.0	0
1592	t3_80pdw0	0.0	0
1593	t3_801qu7	0.0	0
1594	t3_7zbbqz	0.0	0
1598	t3_80eliw	0.0	0
1599	t3_7ztjp1	0.0	0
1600	t3_804vu7	1.0	1
1601	t3_80ciy5	1.0	1
1602	t3_80o88l	0.0	0
1603	t3_80yi5s	0.0	0
1605	t3_7zu7c3	1.0	1
1606	t3_80dti3	0.0	0
1607	t3_8041rp	0.0	0
1608	t3_7zjsvt	0.0	0
1611	t3_80898q	1.0	1
1612	t3_80h10j	1.0	1
1616	t3_7zvjtt	0.0	0
1617	t3_7zjbx5	1.0	1
1618	t3_7zosnd	1.0	1
1619	t3_80kojk	1.0	1
1620	t3_806c08	0.0	0
1621	t3_7zthme	1.0	1
1623	t3_805x51	0.0	0
1625	t3_80pfw9	1.0	1
1628	t3_805mdq	1.0	1
1629	t3_7zzqro	1.0	1
1630	t3_7zaxcz	1.0	1
1633	t3_7zoxkn	0.0	0
1634	t3_7zogsj	1.0	1
1635	t3_80vx2y	1.0	1
1636	t3_80snzo	1.0	1
1640	t3_80u340	1.0	1
1642	t3_7zrhj5	0.0	0
1643	t3_7zoh6i	0.0	0
1644	t3_7znij3	1.0	1
1646	t3_7zxmb7	0.0	0
1647	t3_80zp4j	0.0	0
1648	t3_7zn5k1	1.0	1
1651	t3_80pygv	1.0	1
1652	t3_80lfrq	0.0	0
1653	t3_80re72	1.0	1
1654	t3_80acvs	1.0	1
1655	t3_804413	0.0	0
1656	t3_7zp843	1.0	1
1659	t3_80wglp	0.0	0
1661	t3_7ztlri	0.0	0
1662	t3_7zetk4	1.0	1
1663	t3_80eu6c	1.0	1
1664	t3_7zcpv0	1.0	1
1665	t3_80tm9j	1.0	1
1666	t3_7zmev7	1.0	1
1669	t3_7zqk1b	0.0	0
1670	t3_7zd6zj	1.0	1
1671	t3_7zt2jv	0.0	0
1672	t3_8015sj	1.0	1
1673	t3_7zgc0u	1.0	1
1674	t3_7zuv5r	0.0	0
1677	t3_7zocfb	1.0	1
1679	t3_80pdqv	0.0	0
1681	t3_80644z	1.0	1
1682	t3_80bqn8	0.0	0
1683	t3_80vv8b	1.0	1
1686	t3_7zucnd	1.0	1
1687	t3_80ktt4	1.0	1
1690	t3_80p28t	1.0	1
1691	t3_80w4p9	0.0	0
1692	t3_7zzi4e	1.0	1
1695	t3_80vl30	1.0	1
1696	t3_7zfbd1	0.0	0
1699	t3_806n98	1.0	1
1700	t3_80p64y	0.0	0
1701	t3_7zu51h	0.0	0
1702	t3_8011co	0.0	0
1706	t3_7zfqn6	0.0	0
1707	t3_80gj0i	0.0	0
1708	t3_80ftj4	0.0	0
1709	t3_803bbo	1.0	1
1710	t3_7ztz1k	0.0	0
1711	t3_7zwn8u	0.0	0
1712	t3_7zvve8	0.0	0
1714	t3_8070h2	0.0	0
1715	t3_80nc2v	1.0	1
1716	t3_80si43	1.0	1
1717	t3_7zevmh	1.0	1
1720	t3_80uqqn	1.0	1
1721	t3_7zn9h0	1.0	1
1722	t3_7zyxw7	1.0	1
1724	t3_804a9g	0.0	0
1725	t3_804e3m	0.0	0
1726	t3_7zweaa	1.0	1
1727	t3_7zvdmg	1.0	1
1729	t3_7zaicj	0.0	0
1731	t3_7zdimi	0.0	0
1735	t3_7zr4wj	0.0	0
1736	t3_80bbqf	1.0	1
1738	t3_8098jr	0.0	0
1739	t3_80vs1n	0.0	0
1741	t3_7zvhhv	0.0	0
1742	t3_7zjy18	1.0	1
1743	t3_7zeujx	0.0	0
1744	t3_810c08	1.0	1
1745	t3_7zg0ba	1.0	1
1746	t3_80lwb0	0.0	0
1748	t3_7zperc	0.0	0
1749	t3_7zm1fu	1.0	1
1751	t3_80ebxe	1.0	1
1753	t3_801sg7	1.0	1
1755	t3_7zadsz	1.0	1
1756	t3_80xf82	1.0	1
1757	t3_7zox46	1.0	1
1758	t3_7zuf72	1.0	1
1759	t3_80etpx	0.0	0
1761	t3_80znz0	0.0	0
1762	t3_7zsnbl	0.0	0
1763	t3_80zl90	0.0	0
1764	t3_80lk5k	1.0	1
1765	t3_80o42m	0.0	0
1767	t3_7znf6c	0.0	0
1769	t3_806ril	0.0	0
1770	t3_804y0h	1.0	1
1771	t3_810vpe	0.0	0
1772	t3_7zjulg	0.0	0
1775	t3_7zrxlb	1.0	1
1776	t3_80jbtv	0.0	0
1779	t3_7zw3fk	0.0	0
1781	t3_7zjnwh	0.0	0
1783	t3_804hap	1.0	1
1784	t3_80pv02	0.0	0
1785	t3_80dkxx	0.0	0
1786	t3_80ps5w	1.0	1
1787	t3_7zgyop	0.0	0
1788	t3_7zex7a	1.0	1
1789	t3_80tny5	1.0	1
1790	t3_808bsg	1.0	1
1791	t3_7ztkgs	0.0	0
1792	t3_80zzbz	0.0	0
1793	t3_80ezzd	1.0	1
1794	t3_80x359	0.0	0
1795	t3_7zv1ad	0.0	0
1797	t3_80ntt2	1.0	1
1798	t3_7ztf7n	1.0	1
1799	t3_7zlis7	1.0	1
1802	t3_80ka68	1.0	1
1803	t3_80ycsf	0.0	0
1804	t3_80tyj6	0.0	0
1805	t3_803dla	0.0	0
1807	t3_80auwp	1.0	1
1808	t3_7zvlck	0.0	0
1809	t3_80qpl0	1.0	1
1810	t3_80nunv	1.0	1
1812	t3_7zlhj6	0.0	0
1813	t3_7ziiil	0.0	0
1815	t3_8082au	1.0	1
1819	t3_80if2k	0.0	0
1821	t3_7zdvkb	0.0	0
1822	t3_7zmpf7	1.0	1
1825	t3_80kmfm	0.0	0
1826	t3_80y1uv	1.0	1
1827	t3_7zzw5p	1.0	1
1828	t3_80nagm	0.0	0
1832	t3_80y5nd	0.0	0
1833	t3_7zr1i3	0.0	0
1834	t3_80z737	0.0	0
1835	t3_80pnkg	1.0	1
1837	t3_80k6k0	1.0	1
1838	t3_80clgv	0.0	0
1839	t3_7ztzk1	0.0	0
1841	t3_7ztw4x	0.0	0
1842	t3_7zam2h	1.0	1
1844	t3_80ggw8	1.0	1
1845	t3_7zarmj	0.0	0
1847	t3_810ovw	0.0	0
1848	t3_80w0o7	0.0	0
1850	t3_80wp8f	1.0	1
1852	t3_7zb8zf	1.0	1
1854	t3_80uf7u	1.0	1
1855	t3_80kcb1	0.0	0
1857	t3_80z7v7	1.0	1
1858	t3_7zxb4d	1.0	1
1859	t3_810u6c	0.0	0
1862	t3_7zams0	1.0	1
1863	t3_80tnby	1.0	1
1864	t3_804cjv	1.0	1
1865	t3_80bto4	1.0	1
1866	t3_805dyr	0.0	0
1868	t3_7zm4h0	1.0	1
1870	t3_80jfg1	1.0	1
1872	t3_800kzb	0.0	0
1875	t3_7zn79p	1.0	1
1876	t3_801uyg	0.0	0
1877	t3_80f83i	1.0	1
1881	t3_80cdna	1.0	1
1882	t3_7zyam0	1.0	1
1884	t3_7zvosv	1.0	1
1885	t3_7zqpol	1.0	1
1888	t3_808vnb	1.0	1
1889	t3_80pu5a	1.0	1
1894	t3_80s3oc	0.0	0
1895	t3_7zjmmg	0.0	0
1896	t3_80ddaq	1.0	1
1898	t3_80x615	1.0	1
1901	t3_805j05	0.0	0
1902	t3_7zj1l7	1.0	1
1903	t3_802xup	1.0	1
1905	t3_806ggy	1.0	1
1906	t3_7zj60z	1.0	1
1909	t3_80ekkt	1.0	1
1911	t3_80d0v1	0.0	0
1912	t3_7zr4ka	0.0	0
1913	t3_80xdvq	1.0	1
1914	t3_801yna	0.0	0
1915	t3_7zzcsf	0.0	0
1916	t3_7ziioh	1.0	1
1917	t3_7zyey4	1.0	1
1918	t3_7zenrd	0.0	0
1920	t3_7zedbr	0.0	0
1923	t3_80ldds	0.0	0
1925	t3_80f32a	0.0	0
1926	t3_80272n	1.0	1
1927	t3_7zh6h4	0.0	0
1928	t3_7zd04j	0.0	0
1929	t3_80mip5	1.0	1
1932	t3_7zxi3i	1.0	1
1934	t3_80kmj6	1.0	1
1935	t3_810k8m	1.0	1
1938	t3_80xn90	0.0	0
1940	t3_7zzeek	1.0	1
1942	t3_7zeg17	1.0	1
1944	t3_7ze7d5	0.0	0
1945	t3_80i15n	0.0	0
1946	t3_7zk3hj	0.0	0
1950	t3_802509	1.0	1
1952	t3_80xk5z	1.0	1
1955	t3_7zmx27	0.0	0
1958	t3_80bd43	1.0	1
1960	t3_7znyjc	0.0	0
1961	t3_7zy5qu	1.0	1
1962	t3_80x8i5	0.0	0
1963	t3_7zdbe2	1.0	1
1964	t3_7ze9km	1.0	1
1965	t3_7zmpud	1.0	1
1966	t3_7zcttn	1.0	1
1968	t3_80gn98	1.0	1
1970	t3_80pzt9	1.0	1
1973	t3_80xe3u	1.0	1
1975	t3_7zr184	1.0	1
1976	t3_7zz09s	1.0	1
1977	t3_7zhrly	1.0	1
1978	t3_80xwe1	1.0	1
1979	t3_7zh7cu	1.0	1
1986	t3_7zjl54	0.0	0
1987	t3_80a9sx	1.0	1
1989	t3_80avb9	1.0	1
1990	t3_7zcl2t	0.0	0
1991	t3_80d524	0.0	0
1992	t3_7zd7nk	1.0	1
1993	t3_7ziv0f	1.0	1
1994	t3_80x67v	1.0	1
1995	t3_80bc6z	1.0	1
1996	t3_801buy	0.0	0
1998	t3_80uzvp	1.0	1
2000	t3_80hv1m	0.0	0
2001	t3_808vxz	0.0	0
2004	t3_809iao	0.0	0
2005	t3_801efp	1.0	1
2009	t3_80e6jb	1.0	1
2010	t3_810vpo	1.0	1
2012	t3_80xarl	0.0	0
2013	t3_80r8hd	0.0	0
2014	t3_804ia1	1.0	1
2015	t3_7zobje	0.0	0
2017	t3_80rulu	0.0	0
2018	t3_7zlo24	1.0	1
2019	t3_80ipfq	1.0	1
2020	t3_80zlik	1.0	1
2021	t3_7zexe2	1.0	1
2022	t3_7zp3bv	1.0	1
2025	t3_80ocz7	1.0	1
2026	t3_80wbkh	1.0	1
2028	t3_80cwcj	1.0	1
2030	t3_7zlu9r	1.0	1
2031	t3_7zcuvs	1.0	1
2032	t3_80lxv8	1.0	1
2033	t3_80v6fs	1.0	1
2034	t3_80r2vk	0.0	0
2035	t3_7zcuwd	0.0	0
2037	t3_7zkl51	1.0	1
2038	t3_7zm5ly	1.0	1
2039	t3_7zspcy	0.0	0
2041	t3_7zbmip	1.0	1
2042	t3_805cuc	1.0	1
2043	t3_80btv0	1.0	1
2045	t3_810ibm	1.0	1
2046	t3_80co4z	0.0	0
2047	t3_7zz1bd	1.0	1
2048	t3_80o51m	1.0	1
2050	t3_7zs8ro	0.0	0
2051	t3_80kuxs	1.0	1
2053	t3_80lixc	1.0	1
2054	t3_80ux8x	1.0	1
2056	t3_806zzf	0.0	0
2058	t3_80v74p	1.0	1
2059	t3_80ngx6	1.0	1
2060	t3_807cvx	0.0	0
2061	t3_80ft5h	1.0	1
2063	t3_7zjw8n	1.0	1
2064	t3_80w831	1.0	1
2066	t3_80o88r	1.0	1
2067	t3_80cu3x	1.0	1
2068	t3_80730a	0.0	0
2070	t3_80rfw4	0.0	0
2071	t3_7zwou3	0.0	0
2073	t3_805rve	0.0	0
2075	t3_80z99a	1.0	1
2076	t3_80m9wc	1.0	1
2080	t3_80wdft	0.0	0
2081	t3_805rzs	1.0	1
2082	t3_80t2vj	0.0	0
2084	t3_80jjr6	0.0	0
2086	t3_7zakqr	1.0	1
2087	t3_80cph2	1.0	1
2088	t3_80cphq	1.0	1
2089	t3_7zeexo	0.0	0
2091	t3_7zqkst	1.0	1
2092	t3_7zs2tk	1.0	1
2093	t3_80m82f	0.0	0
2094	t3_7zfe72	0.0	0
2095	t3_80v7oz	0.0	0
2097	t3_7zo5e3	1.0	1
2098	t3_7zjpw9	1.0	1
2100	t3_7zpfb4	1.0	1
2102	t3_80v8h9	1.0	1
2103	t3_804t5z	0.0	0
2105	t3_7zcx35	1.0	1
2106	t3_7zjy07	1.0	1
2107	t3_7zvkd9	1.0	1
2108	t3_80megl	0.0	0
2109	t3_7zfov6	1.0	1
2111	t3_7ze23r	0.0	0
2112	t3_80b0ix	0.0	0
2114	t3_805eub	1.0	1
2115	t3_80gpmn	0.0	0
2117	t3_80lxb8	1.0	1
2118	t3_80b818	1.0	1
2120	t3_7zt8ej	1.0	1
2121	t3_7zngyv	1.0	1
2122	t3_7zvghg	1.0	1
2123	t3_80ujj5	1.0	1
2126	t3_7zzz0m	1.0	1
2128	t3_7zsg4e	1.0	1
2130	t3_800nd8	0.0	0
2131	t3_7zofpp	0.0	0
2134	t3_7zxjre	1.0	1
2137	t3_80xmx6	1.0	1
2139	t3_80m04g	1.0	1
2140	t3_7zqdd7	1.0	1
2142	t3_7ze57a	1.0	1
2144	t3_8078cf	1.0	1
2145	t3_80ezw5	0.0	0
2148	t3_80b5v1	1.0	1
2149	t3_8025ms	1.0	1
2152	t3_80fdl9	1.0	1
2154	t3_7zy9of	1.0	1
2161	t3_805d4u	1.0	1
2163	t3_807x3d	1.0	1
2164	t3_805j4p	1.0	1
2169	t3_7zsfbo	0.0	0
2170	t3_7zm14v	1.0	1
2172	t3_805079	1.0	1
2173	t3_7zen3g	0.0	0
2174	t3_802b1n	1.0	1
2175	t3_7zhg2f	1.0	1
2178	t3_7zaj4l	1.0	1
2179	t3_7zxwa0	1.0	1
2181	t3_7zp5d7	1.0	1
2182	t3_7zxhk0	1.0	1
2183	t3_80w15t	1.0	1
2184	t3_7zev4j	1.0	1
2185	t3_80u2v2	1.0	1
2186	t3_7zaixj	1.0	1
2187	t3_80gkj1	1.0	1
2188	t3_80j2oe	1.0	1
2189	t3_80o9mf	1.0	1
2190	t3_80u3wm	1.0	1
2192	t3_7zaepb	1.0	1
2193	t3_7zpdww	0.0	0
2196	t3_80snsm	0.0	0
2198	t3_809716	1.0	1
2199	t3_80448f	0.0	0
2201	t3_80k58z	1.0	1
2202	t3_7zditt	1.0	1
2204	t3_7zgth1	0.0	0
2205	t3_7zp0sv	1.0	1
2206	t3_80npcy	0.0	0
2207	t3_802nvh	0.0	0
2208	t3_7zgs7v	0.0	0
2209	t3_7zf32w	0.0	0
2211	t3_7zc1dt	0.0	0
2212	t3_80pisp	1.0	1
2213	t3_80mk7h	1.0	1
2214	t3_7zpzhc	1.0	1
2215	t3_80dah0	1.0	1
2217	t3_806h5a	1.0	1
2218	t3_80573r	0.0	0
2219	t3_7zuv0q	1.0	1
2220	t3_80uw5l	0.0	0
2222	t3_7zfb33	0.0	0
2223	t3_809xq4	0.0	0
2225	t3_80zpaw	1.0	1
2226	t3_80cj8o	0.0	0
2227	t3_80crce	1.0	1
2229	t3_80p232	1.0	1
2230	t3_80kydq	1.0	1
2232	t3_7zpe6u	0.0	0
2233	t3_7zhwg8	1.0	1
2234	t3_80q42a	1.0	1
2235	t3_80pkob	0.0	0
2236	t3_80ownn	0.0	0
2237	t3_80njt0	0.0	0
2238	t3_80mjye	1.0	1
2241	t3_80nc5g	0.0	0
2242	t3_7zojv6	0.0	0
2244	t3_7zbblg	0.0	0
2245	t3_800sn8	1.0	1
2247	t3_7zrbr8	0.0	0
2249	t3_7zv8kp	1.0	1
2251	t3_806xuq	1.0	1
2252	t3_805a1x	0.0	0
2253	t3_7zyqb3	1.0	1
2254	t3_805892	0.0	0
2256	t3_806o18	1.0	1
2259	t3_80by02	1.0	1
2262	t3_7zt63p	1.0	1
2263	t3_7zno9p	0.0	0
2265	t3_7zup02	0.0	0
2266	t3_7zlvzc	0.0	0
2267	t3_81026m	0.0	0
2268	t3_80tzl4	1.0	1
2271	t3_7zedq3	0.0	0
2272	t3_80bs5z	1.0	1
2275	t3_7zmk5t	0.0	0
2276	t3_80b288	0.0	0
2277	t3_7zmnhn	1.0	1
2279	t3_80w7ho	1.0	1
2280	t3_803rdz	1.0	1
2282	t3_80ehs5	1.0	1
2283	t3_80v2si	1.0	1
2285	t3_80vnnh	1.0	1
2286	t3_80w3fg	1.0	1
2287	t3_7zpel7	1.0	1
2288	t3_80o17s	1.0	1
2290	t3_7zwmnd	1.0	1
2291	t3_80e296	0.0	0
2292	t3_80x9n3	0.0	0
2294	t3_80dpwq	1.0	1
2297	t3_7zj5t6	1.0	1
2299	t3_7zoj3z	0.0	0
2300	t3_80ipl4	1.0	1
2301	t3_80eksl	1.0	1
2303	t3_802wag	0.0	0
2304	t3_80ec34	0.0	0
2305	t3_7zo651	0.0	0
2306	t3_7zn64v	1.0	1
2307	t3_7zejth	1.0	1
2308	t3_80zku8	1.0	1
2311	t3_801kgm	0.0	0
2312	t3_80k7ew	1.0	1
2317	t3_7zo3l8	1.0	1
2319	t3_7zv01e	0.0	0
2320	t3_7zfntv	1.0	1
2321	t3_809475	1.0	1
2322	t3_7zav4k	1.0	1
2323	t3_80cp8e	1.0	1
2324	t3_80e5cl	1.0	1
2325	t3_7zd8uh	1.0	1
2326	t3_7zuvuz	1.0	1
2327	t3_80f2ew	1.0	1
2328	t3_7zn5xi	0.0	0
2330	t3_7zpee0	1.0	1
2332	t3_80k17q	1.0	1
2334	t3_80umh3	1.0	1
2335	t3_7zpek2	1.0	1
2336	t3_7zk8wu	1.0	1
2343	t3_80c6up	1.0	1
2344	t3_80t4te	0.0	0
2345	t3_7zqddl	0.0	0
2348	t3_7zobkj	1.0	1
2349	t3_806cne	0.0	0
2353	t3_80flo0	1.0	1
2354	t3_7zquvi	0.0	0
2355	t3_80wq03	0.0	0
2357	t3_80uqzr	1.0	1
2358	t3_7zedxw	1.0	1
2360	t3_80er7y	1.0	1
2361	t3_80ckve	1.0	1
2362	t3_80w7op	0.0	0
2363	t3_80l91s	1.0	1
2364	t3_800a0b	1.0	1
2365	t3_7zfwlr	1.0	1
2367	t3_80tl28	1.0	1
2368	t3_7znjuy	1.0	1
2369	t3_7zfdy6	0.0	0
2370	t3_803yly	0.0	0
2372	t3_7zee4l	0.0	0
2373	t3_7zcz7c	1.0	1
2378	t3_7zf3qh	1.0	1
2380	t3_80ulls	0.0	0
2381	t3_80682m	0.0	0
2382	t3_80gh2j	1.0	1
2383	t3_80ztsh	0.0	0
2384	t3_7zz628	1.0	1
2389	t3_80ga2c	1.0	1
2390	t3_7zt8vq	1.0	1
2391	t3_7zdgzf	1.0	1
2392	t3_80uljl	1.0	1
2393	t3_80lcgc	1.0	1
2394	t3_80o7gt	1.0	1
2396	t3_80j3kv	1.0	1
2398	t3_80kx75	1.0	1
2399	t3_7zn6wf	1.0	1
2400	t3_80458r	0.0	0
2401	t3_7zdcb4	1.0	1
2402	t3_80c8yd	1.0	1
2403	t3_80rvxr	1.0	1
2404	t3_7zf1kw	1.0	1
2405	t3_80c2k5	1.0	1
2406	t3_80w3qw	1.0	1
2407	t3_80nbzn	1.0	1
2408	t3_80cbsu	1.0	1
2412	t3_7zqspb	1.0	1
2413	t3_7zck2b	1.0	1
2414	t3_80wb83	0.0	0
2416	t3_806ico	1.0	1
2418	t3_80mids	0.0	0
2419	t3_80wh2q	1.0	1
2420	t3_80441z	1.0	1
2422	t3_80i60z	1.0	1
2423	t3_7zna7l	1.0	1
2424	t3_80d1y1	1.0	1
2425	t3_7zfreh	1.0	1
2426	t3_802fka	1.0	1
2428	t3_7zavqf	1.0	1
2431	t3_80bndg	1.0	1
2432	t3_7zshyl	0.0	0
2434	t3_7zo0cz	1.0	1
2435	t3_80gso8	1.0	1
2436	t3_806pjk	1.0	1
2438	t3_7zpcys	1.0	1
2439	t3_8063g7	0.0	0
2441	t3_805w0u	1.0	1
2442	t3_80zjd3	1.0	1
2443	t3_7zdwew	0.0	0
2444	t3_80pigo	0.0	0
2445	t3_80bfmy	0.0	0
2446	t3_7zobek	1.0	1
2448	t3_803n1h	0.0	0
2449	t3_7zn9sm	1.0	1
2450	t3_806dji	0.0	0
2451	t3_7zyb3b	1.0	1
2452	t3_7zfvyq	1.0	1
2453	t3_80cqbg	1.0	1
2455	t3_7zu24w	0.0	0
2456	t3_80tvxd	1.0	1
2458	t3_80g65i	1.0	1
2459	t3_7zccv5	1.0	1
2460	t3_80ryhq	1.0	1
2463	t3_7zmlnw	0.0	0
2465	t3_80wlgp	0.0	0
2466	t3_7zwmjj	1.0	1
2467	t3_80l0ph	0.0	0
2468	t3_80h8pw	1.0	1
2469	t3_8104h3	1.0	1
2474	t3_80e5zc	1.0	1
2476	t3_7zi1b8	0.0	0
2478	t3_7zinlf	0.0	0
2479	t3_80czqp	1.0	1
2480	t3_7zvrtm	1.0	1
2481	t3_80cdep	1.0	1
2482	t3_80vtle	0.0	0
2483	t3_80ozqc	1.0	1
2485	t3_80hdy0	1.0	1
2489	t3_80c2mc	1.0	1
2490	t3_80xoi8	1.0	1
2491	t3_7zdvrf	0.0	0
2492	t3_80y0ly	1.0	1
2493	t3_7zjumt	0.0	0
2494	t3_7zvwf9	1.0	1
2498	t3_7zqsln	1.0	1
2499	t3_7zrjme	1.0	1
2500	t3_7zhvkd	0.0	0
2503	t3_7zfv2j	0.0	0
2504	t3_7zyu4j	0.0	0
2505	t3_809oly	1.0	1
2508	t3_7zaefh	0.0	0
2511	t3_7znqve	0.0	0
2512	t3_80gdv3	0.0	0
2513	t3_800tre	0.0	0
2515	t3_7znjnd	1.0	1
2516	t3_7zclqk	1.0	1
2517	t3_80iiby	1.0	1
2518	t3_805fgu	1.0	1
2520	t3_7zey2u	1.0	1
2521	t3_80nfa5	1.0	1
2524	t3_80mlze	1.0	1
2525	t3_7zure4	0.0	0
2526	t3_80oag9	1.0	1
2530	t3_80v4kf	1.0	1
2531	t3_7zgcke	1.0	1
2532	t3_80mi8i	1.0	1
2535	t3_80gysn	1.0	1
2536	t3_7ztumq	0.0	0
2537	t3_7zehmq	0.0	0
2538	t3_80fgy1	1.0	1
2539	t3_80wklq	0.0	0
2541	t3_8072f3	0.0	0
2543	t3_7zde4g	0.0	0
2544	t3_7zqhpl	1.0	1
2546	t3_80cdrk	1.0	1
2547	t3_7zd5cs	1.0	1
2549	t3_80m34q	1.0	1
2551	t3_7zh6c8	0.0	0
2552	t3_80ssad	1.0	1
2553	t3_7znb14	1.0	1
2557	t3_80e4ct	1.0	1
2558	t3_803n9d	1.0	1
2559	t3_7zy66p	0.0	0
2560	t3_7zupb0	1.0	1
2561	t3_8037q6	1.0	1
2562	t3_7zt2dx	1.0	1
2563	t3_805ker	1.0	1
2564	t3_7zg6m6	1.0	1
2566	t3_80pact	0.0	0
2569	t3_80m0c2	0.0	0
2572	t3_80ottv	0.0	0
2573	t3_80mh8o	1.0	1
2574	t3_7zs5sh	1.0	1
2575	t3_80hkt2	1.0	1
2576	t3_80cic3	1.0	1
2577	t3_80shh7	1.0	1
2579	t3_80wkkb	1.0	1
2583	t3_7znftj	1.0	1
2585	t3_7zcmqq	1.0	1
2587	t3_80cn76	1.0	1
2588	t3_80jo2v	1.0	1
2589	t3_80lhnk	1.0	1
2590	t3_80iu8x	1.0	1
2591	t3_80lbxk	1.0	1
2592	t3_7zrnut	0.0	0
2593	t3_7zcayo	1.0	1
2594	t3_80zt8g	0.0	0
2598	t3_7zds7s	1.0	1
2600	t3_80viuz	1.0	1
2601	t3_7zaomf	1.0	1
2602	t3_80l892	1.0	1
2603	t3_80p0tw	1.0	1
2604	t3_7zo3pr	1.0	1
2605	t3_7zoow9	0.0	0
2606	t3_7zlykp	1.0	1
2608	t3_80ffla	1.0	1
2611	t3_7zmv32	1.0	1
2612	t3_80bvai	1.0	1
2613	t3_80uw3i	1.0	1
2615	t3_7zl3q4	1.0	1
2616	t3_7zg010	1.0	1
2617	t3_7zjgxj	1.0	1
2618	t3_80wqs3	1.0	1
2619	t3_80ln60	1.0	1
2621	t3_80kt6l	1.0	1
2623	t3_80upc0	1.0	1
2624	t3_7zqop8	1.0	1
2625	t3_804yhs	1.0	1
2627	t3_802rwr	0.0	0
2628	t3_7zizbn	0.0	0
2630	t3_80ul4q	1.0	1
2631	t3_7zeccv	1.0	1
2632	t3_7zwn8v	1.0	1
2633	t3_80nqub	1.0	1
2634	t3_7zqzio	1.0	1
2636	t3_80esou	1.0	1
2637	t3_7zppno	0.0	0
2640	t3_80e8bw	1.0	1
2642	t3_80q3ct	1.0	1
2643	t3_7zmdmn	1.0	1
2645	t3_80u5i0	1.0	1
2647	t3_80ka50	1.0	1
2648	t3_7zjqgk	0.0	0
2651	t3_80e5o1	0.0	0
2652	t3_7zp9ug	0.0	0
2653	t3_7zg7p0	1.0	1
2654	t3_7zpn8z	1.0	1
2656	t3_7zc1al	1.0	1
2659	t3_80jgtw	0.0	0
2660	t3_7zeydb	1.0	1
2661	t3_80gvg5	0.0	0
2664	t3_7zggeq	1.0	1
2666	t3_80cg3s	1.0	1
2668	t3_809qvp	1.0	1
2669	t3_80z9q4	1.0	1
2673	t3_80rlxi	0.0	0
2674	t3_809t1c	0.0	0
2675	t3_7zdv5d	1.0	1
2677	t3_80w1vt	0.0	0
2678	t3_7zp5us	0.0	0
2679	t3_80j97v	1.0	1
2680	t3_7zoxc4	0.0	0
2681	t3_803ty5	1.0	1
2685	t3_80v5ij	1.0	1
2687	t3_802nv5	1.0	1
2690	t3_80yxo1	1.0	1
2693	t3_80w9pu	0.0	0
2694	t3_7zbems	0.0	0
2696	t3_80d5mb	0.0	0
2697	t3_80pba0	1.0	1
2699	t3_80d3au	1.0	1
2700	t3_80w646	1.0	1
2701	t3_80uxp0	1.0	1
2703	t3_8086o8	0.0	0
2704	t3_7zzyy0	1.0	1
2705	t3_7zew9w	1.0	1
2707	t3_80ngag	0.0	0
2709	t3_804auk	1.0	1
2710	t3_804ocw	0.0	0
2711	t3_807jjv	1.0	1
2712	t3_8048jp	1.0	1
2713	t3_80l994	1.0	1
2714	t3_80mod8	1.0	1
2716	t3_80jsyj	0.0	0
2718	t3_8013vw	1.0	1
2720	t3_80655r	1.0	1
2722	t3_7zz3cu	1.0	1
2725	t3_7zmsck	1.0	1
2726	t3_80kq8z	0.0	0
2727	t3_80imjg	1.0	1
2728	t3_80lsbg	1.0	1
2729	t3_80sixu	0.0	0
2730	t3_80te2k	1.0	1
2732	t3_80cgrj	1.0	1
2733	t3_7zvphz	1.0	1
2734	t3_80zfc9	1.0	1
2735	t3_7ze8qt	0.0	0
2736	t3_80up5p	1.0	1
2741	t3_7zlpi7	1.0	1
2742	t3_80w324	1.0	1
2743	t3_80ent2	0.0	0
2744	t3_7zsw06	0.0	0
2745	t3_7zrc2o	0.0	0
2746	t3_808b5l	1.0	1
2747	t3_80xyi6	1.0	1
2748	t3_80kjui	1.0	1
2749	t3_80o433	1.0	1
2750	t3_810ks8	0.0	0
2751	t3_80vuc9	1.0	1
2754	t3_80axso	1.0	1
2755	t3_80nyjx	1.0	1
2756	t3_80t8nr	0.0	0
2757	t3_80y9id	1.0	1
2759	t3_80cv6g	0.0	0
2761	t3_802a3n	1.0	1
2762	t3_803vlj	0.0	0
2764	t3_806o2t	0.0	0
2765	t3_80zcwb	1.0	1
2768	t3_7ze3wi	1.0	1
2771	t3_7zya3t	0.0	0
2772	t3_7zf15l	1.0	1
2775	t3_80p2ys	0.0	0
2779	t3_7zvvfg	1.0	1
2781	t3_7ztwpa	0.0	0
2786	t3_80misa	1.0	1
2787	t3_7zoolk	0.0	0
2788	t3_7zh4o1	0.0	0
2789	t3_80p5b6	1.0	1
2790	t3_7zco9b	1.0	1
2792	t3_7zhlsy	1.0	1
2793	t3_80zsdb	0.0	0
2795	t3_80wl9b	1.0	1
2796	t3_7zo6i5	1.0	1
2797	t3_809a3f	1.0	1
2798	t3_80v1g2	1.0	1
2799	t3_80vx4d	0.0	0
2800	t3_80ys3d	1.0	1
2802	t3_7ze7bt	1.0	1
2803	t3_7zk3ig	1.0	1
2804	t3_7zpajg	0.0	0
2806	t3_80xeek	0.0	0
2808	t3_80vvod	1.0	1
2811	t3_7zcnad	1.0	1
2812	t3_80bbp0	1.0	1
2813	t3_7zqjrx	0.0	0
2816	t3_7zp73r	1.0	1
2817	t3_800xed	0.0	0
2819	t3_80kqwj	1.0	1
2820	t3_8019cd	1.0	1
2821	t3_806s55	1.0	1
2822	t3_7zmdq4	0.0	0
2823	t3_80m1ej	1.0	1
