learning_rate: 0.010000, batch_size 100, epochs 10
features are loaded
size of learn_Y: 44300
Data loading Complete learn:44300, test:1000
test X: 
[[[8.]
  [8.]
  [8.]
  [9.]
  [9.]
  [9.]]

 [[4.]
  [4.]
  [4.]
  [5.]
  [5.]
  [5.]]

 [[5.]
  [5.]
  [5.]
  [6.]
  [6.]
  [6.]]

 ...

 [[2.]
  [2.]
  [3.]
  [3.]
  [3.]
  [4.]]

 [[7.]
  [7.]
  [8.]
  [8.]
  [8.]
  [8.]]

 [[9.]
  [1.]
  [2.]
  [2.]
  [3.]
  [3.]]]
test Y: 
[[9.0], [5.0], [6.0], [3.0], [8.0], [5.0], [6.0], [9.0], [3.0], [6.0], [8.0], [5.0], [4.0], [9.0], [9.0], [5.0], [7.0], [8.0], [6.0], [8.0], [7.0], [5.0], [9.0], [6.0], [9.0], [5.0], [8.0], [3.0], [6.0], [9.0], [7.0], [7.0], [6.0], [8.0], [6.0], [7.0], [1.0], [5.0], [8.0], [4.0], [7.0], [8.0], [4.0], [9.0], [8.0], [7.0], [7.0], [3.0], [9.0], [7.0], [3.0], [7.0], [5.0], [8.0], [2.0], [5.0], [8.0], [5.0], [9.0], [4.0], [4.0], [5.0], [6.0], [5.0], [8.0], [8.0], [8.0], [6.0], [7.0], [2.0], [5.0], [9.0], [9.0], [9.0], [3.0], [8.0], [5.0], [7.0], [9.0], [5.0], [8.0], [5.0], [9.0], [5.0], [9.0], [8.0], [9.0], [3.0], [9.0], [6.0], [8.0], [6.0], [8.0], [8.0], [6.0], [8.0], [7.0], [5.0], [6.0], [7.0], [5.0], [8.0], [5.0], [1.0], [8.0], [3.0], [6.0], [7.0], [6.0], [7.0], [8.0], [6.0], [5.0], [6.0], [5.0], [6.0], [2.0], [8.0], [6.0], [9.0], [9.0], [8.0], [6.0], [9.0], [5.0], [5.0], [4.0], [5.0], [9.0], [6.0], [4.0], [8.0], [5.0], [4.0], [1.0], [4.0], [7.0], [9.0], [7.0], [5.0], [4.0], [5.0], [5.0], [7.0], [2.0], [8.0], [7.0], [2.0], [4.0], [8.0], [7.0], [6.0], [4.0], [3.0], [8.0], [7.0], [7.0], [6.0], [7.0], [9.0], [8.0], [6.0], [7.0], [9.0], [8.0], [3.0], [8.0], [9.0], [5.0], [3.0], [7.0], [5.0], [2.0], [7.0], [9.0], [9.0], [9.0], [9.0], [8.0], [7.0], [7.0], [2.0], [4.0], [1.0], [9.0], [9.0], [9.0], [6.0], [8.0], [7.0], [7.0], [8.0], [9.0], [8.0], [5.0], [7.0], [1.0], [9.0], [7.0], [9.0], [9.0], [8.0], [7.0], [8.0], [9.0], [9.0], [9.0], [8.0], [5.0], [2.0], [9.0], [5.0], [6.0], [6.0], [7.0], [4.0], [7.0], [9.0], [4.0], [4.0], [4.0], [8.0], [9.0], [9.0], [9.0], [4.0], [7.0], [8.0], [5.0], [9.0], [9.0], [3.0], [8.0], [6.0], [6.0], [4.0], [9.0], [5.0], [4.0], [4.0], [7.0], [2.0], [7.0], [3.0], [7.0], [6.0], [8.0], [9.0], [3.0], [9.0], [7.0], [9.0], [8.0], [3.0], [7.0], [9.0], [6.0], [9.0], [4.0], [9.0], [9.0], [2.0], [9.0], [7.0], [6.0], [3.0], [8.0], [8.0], [5.0], [7.0], [8.0], [2.0], [7.0], [4.0], [7.0], [7.0], [4.0], [8.0], [8.0], [3.0], [6.0], [9.0], [8.0], [4.0], [9.0], [9.0], [8.0], [3.0], [9.0], [6.0], [5.0], [8.0], [3.0], [4.0], [7.0], [9.0], [6.0], [8.0], [7.0], [6.0], [7.0], [5.0], [4.0], [5.0], [9.0], [5.0], [5.0], [8.0], [5.0], [6.0], [7.0], [8.0], [4.0], [9.0], [8.0], [9.0], [8.0], [3.0], [9.0], [8.0], [3.0], [9.0], [4.0], [8.0], [5.0], [9.0], [9.0], [8.0], [9.0], [8.0], [7.0], [9.0], [7.0], [4.0], [9.0], [6.0], [6.0], [4.0], [9.0], [9.0], [5.0], [7.0], [7.0], [1.0], [5.0], [6.0], [8.0], [6.0], [9.0], [8.0], [5.0], [6.0], [9.0], [8.0], [7.0], [7.0], [7.0], [5.0], [9.0], [8.0], [9.0], [5.0], [9.0], [9.0], [5.0], [9.0], [9.0], [2.0], [6.0], [7.0], [8.0], [8.0], [4.0], [7.0], [8.0], [9.0], [8.0], [4.0], [7.0], [2.0], [7.0], [8.0], [5.0], [7.0], [7.0], [9.0], [9.0], [9.0], [7.0], [7.0], [7.0], [7.0], [2.0], [7.0], [2.0], [8.0], [3.0], [4.0], [4.0], [3.0], [6.0], [8.0], [9.0], [9.0], [6.0], [7.0], [6.0], [8.0], [4.0], [9.0], [8.0], [3.0], [3.0], [7.0], [2.0], [1.0], [3.0], [3.0], [6.0], [7.0], [7.0], [9.0], [9.0], [9.0], [6.0], [8.0], [7.0], [9.0], [6.0], [6.0], [3.0], [7.0], [3.0], [9.0], [8.0], [7.0], [8.0], [6.0], [9.0], [5.0], [9.0], [2.0], [4.0], [9.0], [9.0], [9.0], [8.0], [9.0], [6.0], [9.0], [7.0], [8.0], [9.0], [4.0], [8.0], [5.0], [3.0], [3.0], [9.0], [8.0], [7.0], [8.0], [3.0], [7.0], [7.0], [5.0], [8.0], [5.0], [7.0], [9.0], [7.0], [7.0], [7.0], [9.0], [8.0], [6.0], [7.0], [8.0], [9.0], [8.0], [3.0], [9.0], [4.0], [9.0], [3.0], [5.0], [8.0], [6.0], [5.0], [9.0], [9.0], [6.0], [9.0], [3.0], [9.0], [4.0], [6.0], [7.0], [5.0], [9.0], [9.0], [6.0], [8.0], [8.0], [6.0], [9.0], [8.0], [8.0], [3.0], [6.0], [3.0], [9.0], [5.0], [7.0], [6.0], [9.0], [6.0], [3.0], [7.0], [8.0], [6.0], [9.0], [5.0], [4.0], [8.0], [7.0], [7.0], [8.0], [8.0], [9.0], [8.0], [9.0], [7.0], [8.0], [5.0], [9.0], [6.0], [7.0], [7.0], [7.0], [7.0], [6.0], [9.0], [9.0], [8.0], [3.0], [6.0], [6.0], [6.0], [5.0], [7.0], [4.0], [3.0], [8.0], [2.0], [9.0], [3.0], [9.0], [8.0], [7.0], [7.0], [9.0], [5.0], [4.0], [5.0], [5.0], [8.0], [3.0], [7.0], [3.0], [5.0], [7.0], [6.0], [8.0], [6.0], [2.0], [5.0], [6.0], [5.0], [9.0], [2.0], [2.0], [4.0], [6.0], [5.0], [8.0], [7.0], [4.0], [7.0], [4.0], [9.0], [4.0], [9.0], [7.0], [4.0], [8.0], [5.0], [4.0], [5.0], [1.0], [5.0], [8.0], [8.0], [4.0], [7.0], [5.0], [7.0], [9.0], [8.0], [8.0], [8.0], [6.0], [7.0], [2.0], [8.0], [3.0], [9.0], [8.0], [4.0], [7.0], [6.0], [3.0], [8.0], [8.0], [4.0], [9.0], [6.0], [6.0], [5.0], [9.0], [8.0], [8.0], [9.0], [8.0], [8.0], [3.0], [8.0], [9.0], [4.0], [8.0], [8.0], [9.0], [4.0], [7.0], [1.0], [1.0], [2.0], [4.0], [5.0], [8.0], [9.0], [7.0], [6.0], [4.0], [9.0], [9.0], [8.0], [9.0], [4.0], [8.0], [6.0], [8.0], [9.0], [8.0], [5.0], [9.0], [7.0], [2.0], [1.0], [9.0], [5.0], [5.0], [6.0], [9.0], [7.0], [7.0], [7.0], [6.0], [7.0], [9.0], [9.0], [4.0], [2.0], [8.0], [5.0], [8.0], [6.0], [7.0], [5.0], [3.0], [9.0], [7.0], [3.0], [8.0], [9.0], [8.0], [6.0], [4.0], [9.0], [8.0], [9.0], [4.0], [5.0], [5.0], [6.0], [8.0], [8.0], [9.0], [8.0], [5.0], [3.0], [8.0], [4.0], [7.0], [4.0], [6.0], [7.0], [9.0], [9.0], [7.0], [8.0], [8.0], [6.0], [7.0], [5.0], [4.0], [1.0], [6.0], [9.0], [6.0], [4.0], [9.0], [4.0], [4.0], [7.0], [4.0], [9.0], [9.0], [6.0], [8.0], [6.0], [7.0], [8.0], [5.0], [8.0], [7.0], [4.0], [6.0], [3.0], [9.0], [9.0], [3.0], [5.0], [7.0], [9.0], [8.0], [9.0], [5.0], [8.0], [8.0], [5.0], [7.0], [2.0], [5.0], [5.0], [8.0], [6.0], [9.0], [6.0], [9.0], [5.0], [7.0], [6.0], [2.0], [6.0], [6.0], [9.0], [2.0], [6.0], [4.0], [9.0], [6.0], [3.0], [9.0], [9.0], [7.0], [9.0], [6.0], [4.0], [7.0], [7.0], [3.0], [6.0], [5.0], [9.0], [4.0], [2.0], [8.0], [6.0], [6.0], [3.0], [5.0], [2.0], [7.0], [5.0], [6.0], [6.0], [2.0], [9.0], [5.0], [9.0], [4.0], [5.0], [8.0], [9.0], [3.0], [8.0], [5.0], [9.0], [8.0], [5.0], [8.0], [7.0], [5.0], [7.0], [1.0], [9.0], [9.0], [7.0], [2.0], [7.0], [8.0], [9.0], [7.0], [7.0], [8.0], [6.0], [9.0], [3.0], [8.0], [9.0], [9.0], [5.0], [9.0], [6.0], [2.0], [9.0], [9.0], [8.0], [6.0], [8.0], [7.0], [7.0], [4.0], [7.0], [3.0], [1.0], [9.0], [5.0], [3.0], [5.0], [9.0], [9.0], [7.0], [8.0], [4.0], [7.0], [6.0], [8.0], [5.0], [6.0], [5.0], [5.0], [8.0], [8.0], [8.0], [9.0], [4.0], [7.0], [9.0], [5.0], [2.0], [3.0], [8.0], [7.0], [9.0], [6.0], [4.0], [9.0], [5.0], [7.0], [9.0], [3.0], [9.0], [5.0], [6.0], [8.0], [5.0], [3.0], [6.0], [4.0], [7.0], [9.0], [4.0], [9.0], [8.0], [7.0], [4.0], [5.0], [5.0], [5.0], [8.0], [8.0], [7.0], [8.0], [1.0], [7.0], [6.0], [6.0], [8.0], [3.0], [3.0], [5.0], [7.0], [8.0], [9.0], [6.0], [8.0], [8.0], [9.0], [8.0], [7.0], [5.0], [8.0], [6.0], [6.0], [2.0], [5.0], [5.0], [4.0], [8.0], [9.0], [6.0], [7.0], [9.0], [8.0], [3.0], [6.0], [9.0], [9.0], [8.0], [8.0], [6.0], [8.0], [4.0], [7.0], [7.0], [3.0], [9.0], [7.0], [9.0], [4.0], [9.0], [2.0], [4.0], [7.0], [7.0], [5.0], [4.0], [7.0], [8.0], [9.0], [7.0], [4.0], [7.0], [3.0], [3.0], [2.0], [7.0], [6.0], [9.0], [9.0], [1.0], [3.0], [6.0], [9.0], [9.0], [4.0], [4.0], [7.0], [4.0], [9.0], [5.0], [8.0], [7.0], [6.0], [9.0], [4.0], [8.0], [3.0]]
epochs: 0
cost: 4.38690901
epochs: 1
cost: 0.33680356
epochs: 2
cost: 0.30595911
epochs: 3
cost: 0.30708519
epochs: 4
cost: 0.28316480
epochs: 5
cost: 0.29968917
epochs: 6
cost: 0.30766526
epochs: 7
cost: 0.32059914
epochs: 8
cost: 0.23426656
epochs: 9
cost: 0.21233077
# predict Counter({7: 266, 9: 203, 8: 181, 4: 89, 5: 83, 6: 72, 3: 69, 2: 37})
# test Counter({9.0: 208, 8.0: 179, 7.0: 162, 6.0: 122, 5.0: 118, 4.0: 89, 3.0: 69, 2.0: 37, 1.0: 16})
seq_length: 6, # predicts: 1000, # corrects: 824, acc: 0.824000
work time: 74.7636070251 sec



